2.42386174153298072e+02
4.16125791315049980e+02
6.64880345316523460e+01
1.49013103221732820e+02
4.18687672061757041e+02
1.05299224716510722e+02
1.05263415309182264e+02
3.61410816127084047e+02
1.72325768563734073e+02
1.74417493221002189e+02
3.62305049893469686e+02
1.84277456885527243e+02
1.25688741035065021e+02
4.56671765527612592e+02
1.14639493437322486e+02
1.48658822812452001e+02
3.94995944852183413e+02
1.99345232335364528e+02
2.11277584481821407e+02
4.00397103204349207e+02
8.23253123138295280e+01
1.82551741223528580e+02
4.08904730564244005e+02
1.15543528212226903e+02
1.91749110745626552e+02
3.96755094373731424e+02
1.17495794880642038e+02
1.51852786747774275e+02
4.53662970488680628e+02
1.10484242763544657e+02
2.11647598563192474e+02
4.00626416526543608e+02
1.06725984910263932e+02
2.21738986320760887e+02
3.24408114791088451e+02
1.74852898888151174e+02
1.79582103432411031e+02
3.80850663333786770e+02
1.11567233233802199e+02
1.85948995723675580e+02
4.05474064103990997e+02
8.55769401723323000e+01
2.12771231942270362e+02
3.72456850872274856e+02
9.77719171854543134e+01
1.55145072334128571e+02
3.74019172477031873e+02
1.45835755188839471e+02
1.48375138831301030e+02
4.67292826401271896e+02
1.25332034767427047e+02
1.33372450455933091e+02
4.74105969196001922e+02
1.07521580348064788e+02
1.74872745612391043e+02
3.82034865580441647e+02
1.05092388807167140e+02
1.77812977020686759e+02
3.94484980542856420e+02
1.04702042436457333e+02
2.32922993567971389e+02
4.07602874263646186e+02
8.74741321683819280e+01
1.50450932387650425e+02
2.86223867854581272e+02
2.91325199757767962e+02
1.85824394057475814e+02
3.65124634978237339e+02
1.17050970964286847e+02
1.83188229247001203e+02
3.77553763180110423e+02
1.27258007572888516e+02
2.33089758150673703e+02
4.16361972722161568e+02
7.35482691271646871e+01
1.93614880435048377e+02
3.98892728643847590e+02
9.74923909211043025e+01
1.70766072891567291e+02
4.55443371641628062e+02
8.67905554668044772e+01
2.47991826300234976e+02
3.84973452827661276e+02
7.00347208721035486e+01
1.73636103825158642e+02
3.86842697040888709e+02
1.45521199133951967e+02
1.49435404608318436e+02
4.03013438847791008e+02
1.48551156543890642e+02
1.42344905604037621e+02
3.12078042524962370e+02
2.55577051870999384e+02
1.78901821042691239e+02
3.67321692229187533e+02
1.70776486728120915e+02
1.84660169207744161e+02
4.53911568437744450e+02
1.14428262354511418e+02
1.33497644062331545e+02
4.57639530937875691e+02
8.78628249997929487e+01
1.92162019848976712e+02
3.29469679029583574e+02
1.66368301121439885e+02
1.35492694678370128e+02
3.69665340550063547e+02
1.32841964771566580e+02
1.91594464551142437e+02
4.12400619900228151e+02
1.10004915548629143e+02
1.64841617873718178e+02
3.17033377225290735e+02
1.89125004900991087e+02
2.00645766366479222e+02
4.03119288947530777e+02
8.52349446859906266e+01
9.75891216453876780e+01
3.96459507545577878e+02
1.72951370809033875e+02
2.38472375750950022e+02
3.83779492802218215e+02
8.67481314468315361e+01
1.96051104267551239e+02
4.03404910643447977e+02
1.09543985089000856e+02
1.65506497692797524e+02
4.13402429202762733e+02
1.26091073104439246e+02
1.49404544475690670e+02
4.24103838677931321e+02
1.18491616846378079e+02
1.85484904837914286e+02
4.44903298065401486e+02
5.46117970966838300e+01
1.11182428321339032e+02
3.70392455720997816e+02
1.71425115957663223e+02
2.28745411326578619e+02
4.08880936436025991e+02
7.93736522373952766e+01
1.89503898463779450e+02
3.59929742276882564e+02
1.30566359259338213e+02
1.95476197719052095e+02
4.16171686455924032e+02
1.09352115825024271e+02
1.87188829068835389e+02
3.98530295363202299e+02
7.22808755679623829e+01
1.76926202425175831e+02
3.74465646197246031e+02
1.47608151377578196e+02
2.19787070637294590e+02
3.30474819340320664e+02
1.53738110022385001e+02
2.34652438970683335e+02
4.21127211408253686e+02
9.82203496210635620e+01
1.23148361183085967e+02
4.09150315788670355e+02
1.50701323028243024e+02
2.08099156702630836e+02
4.90430698160947259e+02
4.34701451364214151e+01
2.10210275684804884e+02
3.57638861149675279e+02
1.50150863165520320e+02
2.08322687819907202e+02
4.45286925006987701e+02
5.93903871731047417e+01
1.86199285026405107e+02
4.16443919372179835e+02
1.14356795601415243e+02
1.62925277898258770e+02
3.94973618829833924e+02
1.15101103271907121e+02
1.44080590721596053e+02
3.57659526756956780e+02
1.46259882521446684e+02
2.23742616789943241e+02
3.73377022427467409e+02
1.21880360782589321e+02
1.77171464448082446e+02
3.79150599200638339e+02
1.60677936351278248e+02
1.66754566119678003e+02
4.32955153035706189e+02
1.22290280844616106e+02
1.60273973368684921e+02
4.75632459759371557e+02
1.08093566871943281e+02
2.03484416806158009e+02
4.51622422708919999e+02
9.68931604849219212e+01
1.57355453729852712e+02
4.21287025757816991e+02
1.07357520512329785e+02
1.36929428378472352e+02
3.68519530938755111e+02
2.11551040682772197e+02
1.41590552407222617e+02
4.99821961934603053e+02
4.95874856581739962e+01
1.12938197311938865e+02
3.73008800088770556e+02
1.55053002599290721e+02
2.02447095673750113e+02
3.46925489278234124e+02
1.62627415048016161e+02
1.91409293516088297e+02
3.65578340778347126e+02
1.40012365705564463e+02
1.56307302902269015e+02
4.58542019623825468e+02
1.30150677473905318e+02
2.05355314614268366e+02
4.44642991486744393e+02
1.42001693898987043e+02
1.79826264874960685e+02
4.31048414198583259e+02
1.33125320926455913e+02
1.55528342612932278e+02
4.78103382324864810e+02
7.33682750622028266e+01
1.72991622637480361e+02
3.71189039514820081e+02
1.71819337847699416e+02
2.04033356892869222e+02
4.05655436531433054e+02
7.33112065756975539e+01
1.83122492997033532e+02
4.43251967821905112e+02
1.00625539181061342e+02
1.48011154711857614e+02
3.78422877036791760e+02
1.46565968251350512e+02
9.17798220078501146e+01
4.02025453283601166e+02
2.08194724708548534e+02
1.55154744123580002e+02
4.43069586392699023e+02
6.37756694837207192e+01
1.89149824654609603e+02
4.31362743039410418e+02
1.23487432305979581e+02
2.40953206767483380e+02
3.32933363627420590e+02
1.24113429605096044e+02
2.43245582440622542e+02
3.64326268739906425e+02
1.13428148819471161e+02
2.22159886334812541e+02
3.68724907773794428e+02
1.06115205891393160e+02
1.70393031985936204e+02
4.28074967358864569e+02
8.55320006551991838e+01
1.52835407619079518e+02
3.78261517363570761e+02
1.37903075017350034e+02
1.75473108635372455e+02
3.42181725770327830e+02
1.50345165594300255e+02
1.39824241923639846e+02
3.34737271143886630e+02
2.26438486932473808e+02
1.85639679641901239e+02
4.27756848267043040e+02
9.16034720910555080e+01
2.18525951905279442e+02
3.28886119661778309e+02
1.36587928432941396e+02
1.96229804466864692e+02
3.90624838902133376e+02
1.11145356631002386e+02
1.91406017872955175e+02
3.86953206616362138e+02
1.28640775510683255e+02
1.88454327721578778e+02
3.57857423126628134e+02
2.16688249151792718e+02
1.82314334709180656e+02
4.17205123742156957e+02
7.74805415486630551e+01
1.48382677674872212e+02
3.99570646286329406e+02
1.43046676038798694e+02
1.64477417291873564e+02
4.33639383271076213e+02
1.44883199437050280e+02
2.20632550713576222e+02
3.99554025368650684e+02
7.48134239177728659e+01
1.50886364512505054e+02
4.36177699172036796e+02
7.19359363154580933e+01
2.07046608035676456e+02
3.91212825730795998e+02
5.57405662335277654e+01
2.11917579109015662e+02
2.93700602378333144e+02
1.05381818512651137e+02
2.00729033211181672e+02
3.89069837236803949e+02
7.32011295520145779e+01
1.95846198695232289e+02
4.75295337737234775e+02
4.48584635675328087e+01
1.85250113822277825e+02
4.19784386498238462e+02
7.19654996794835711e+01
1.30063983799344840e+02
4.33874446113935392e+02
5.80615700867198683e+01
1.63878181176254628e+02
4.16414834374668544e+02
9.27069844490770976e+01
9.98640138290173525e+01
3.93223694875654473e+02
1.71912291295328373e+02
1.75971180242142026e+02
4.43567232758400166e+02
1.19461586999458675e+02
1.08459517644619581e+02
3.93170518249771987e+02
2.32369964105608972e+02
1.57665469497746074e+02
3.84639970399622200e+02
1.71694560102631613e+02
2.45837701653335188e+02
3.63898227352792958e+02
1.06264070993871925e+02
1.74439953331914722e+02
3.66168065712486566e+02
1.81391980955598910e+02
1.31186820989259559e+02
3.80157181398121452e+02
1.89655997612618393e+02
1.49410025682659381e+02
4.36623350714096318e+02
9.19666236032443010e+01
2.16860731982863342e+02
3.61312032450030415e+02
4.28272355671057170e+01
2.04245825363799781e+02
3.79326006831566417e+02
1.39428167804633745e+02
1.27667294865478851e+02
4.36014157871846919e+02
1.16318547262674102e+02
1.54524845199179822e+02
3.71605616758174847e+02
1.62869538042645871e+02
2.58934673166340644e+02
3.30430120515786257e+02
9.86352063178735108e+01
2.07864225342435077e+02
3.77405659925679231e+02
1.26730114731885379e+02
2.40977674921565296e+02
4.17047160692079558e+02
6.39751643863548694e+01
2.25041939200784611e+02
3.56079508549475236e+02
1.32878552249740210e+02
2.02952452063661298e+02
3.84148325128382908e+02
1.60899222807955510e+02
1.31315591766696997e+02
3.11411882653588123e+02
2.04272525579714511e+02
1.83379575292421009e+02
3.82201522873880492e+02
1.52418901833698840e+02
1.68918598606725254e+02
4.35453044759023328e+02
9.56283566342518014e+01
1.69062043160095698e+02
4.76966508238329652e+02
5.29714486015738828e+01
2.26882634783754270e+02
4.35222285035523328e+02
7.48950801807228288e+01
1.56667116416462420e+02
3.99652830299199650e+02
1.00680053284337419e+02
5.73317268705016971e+01
4.00510986844807348e+02
2.01157286284690912e+02
1.39918864917301420e+02
5.13544721613066599e+02
6.75364134696312561e+01
1.75708750584709918e+02
4.67573858507968509e+02
5.47173909073214517e+01
2.23012096876029545e+02
4.04443634887250198e+02
8.45442682367204981e+01
1.91368188117816828e+02
4.46390596110098841e+02
9.92412157720835495e+01
1.82845052704441201e+02
3.56612871471825827e+02
1.64542075823733001e+02
1.55158353062684597e+02
4.20700718215845711e+02
7.71409287214692370e+01
1.43318508992971829e+02
4.03405647277687649e+02
1.47275843729340636e+02
1.76320090800260260e+02
3.69294520766260064e+02
1.61385388433479960e+02
1.66999853430070232e+02
4.30055595057740277e+02
7.99445515121894204e+01
1.11963774262684012e+02
5.45800126152155826e+02
7.12360995851612842e+01
1.82308664272744721e+02
4.54941986683431708e+02
8.07493490438230879e+01
2.45117524814216637e+02
4.01754661920908745e+02
5.41278132648747530e+01
2.17122368509558129e+02
4.04105157918667885e+02
9.47724735717744835e+01
1.74376261345000984e+02
3.98848811486334682e+02
8.47749271686644903e+01
1.30763462912021424e+02
3.62920255030202952e+02
2.17316282057775311e+02
1.31462230111187296e+02
4.06306785343341915e+02
2.46230984545470847e+02
1.69401734313859322e+02
4.59081246006825154e+02
1.11517019679315638e+02
2.05456839639576657e+02
4.00350060097901803e+02
8.61931002625209288e+01
1.61088288434611172e+02
4.58970760958157655e+02
9.99409506072312723e+01
1.66392212329037847e+02
3.66672553556816979e+02
1.95935234114144521e+02
2.34121199009493381e+02
3.87026649032401679e+02
1.07852151958105338e+02
2.04004201753446466e+02
4.20910835911467075e+02
6.40849623350858053e+01
1.95817682351567100e+02
4.52043586220356417e+02
7.51387314280763690e+01
2.26354933575622852e+02
3.57530515396334181e+02
9.91145510280433797e+01
2.28401963028982294e+02
4.23203071216036733e+02
8.83949657549807029e+01
2.61056063837529962e+02
3.87957014778957500e+02
6.19869213835123318e+01
9.91902536437515607e+01
4.06927339408809701e+02
1.78882406947439364e+02
1.21421749380532319e+02
4.15202215697526526e+02
1.63376034921940885e+02
1.70613074091787865e+02
3.84639843639560752e+02
1.62747082268651099e+02
2.45403637255145952e+02
3.39995355787017445e+02
1.03601006957836674e+02
1.71562585391905486e+02
3.74063788375187130e+02
1.18373626232907199e+02
1.56536611408196677e+02
4.92591501995675571e+02
6.48718865961275810e+01
2.23905282561215813e+02
4.58857345152373910e+02
5.02373722864100998e+01
1.85995614668623801e+02
3.82499563667133316e+02
1.58504821664243025e+02
1.68346946238514846e+02
4.50743969913976059e+02
1.06909083847509521e+02
1.99361192160571704e+02
4.34241745245767788e+02
7.73970625936608911e+01
1.67636040656726294e+02
3.96946056611477673e+02
1.44417902731795920e+02
1.79552916974613822e+02
4.28666913455787665e+02
8.07801695695986695e+01
1.62882732799775823e+02
3.78649754178556861e+02
1.40467513021667344e+02
2.20425858710341970e+02
4.85459461372623252e+02
5.91146799170346711e+01
1.45899226832473545e+02
4.44555784663559223e+02
1.25544988503967090e+02
2.13632857745235242e+02
4.00306725550687986e+02
1.08060416704076772e+02
1.72997059863089305e+02
4.25946636546801244e+02
9.00563035901095077e+01
2.37203263618625272e+02
4.11859859964601242e+02
8.29368764167729751e+01
2.19133588206423724e+02
4.34437712478773051e+02
9.74286993148035805e+01
2.65157115191515118e+02
4.08027422259744810e+02
9.58154625487407969e+01
1.42427755884187832e+02
3.61339512284073464e+02
2.01232731831739358e+02
2.31859794491057755e+02
3.40911844407075364e+02
1.44228361101866938e+02
1.87855805493240183e+02
3.92873280673340560e+02
1.28270913833419371e+02
1.27180399524409708e+02
4.13872266861409628e+02
1.54947333614180792e+02
1.73291900663658311e+02
3.94193764574725890e+02
1.65514334761615686e+02
2.21384073561127707e+02
4.45150937235101424e+02
9.24649892037706991e+01
1.98023702743971768e+02
3.65915863010909220e+02
1.10060434245118870e+02
1.83894168785496191e+02
4.01468004281930803e+02
1.35637826932573006e+02
1.71623907056047415e+02
3.38562145342429687e+02
1.72813947601522671e+02
2.35471134647974594e+02
4.07247643651822671e+02
1.09281221700202622e+02
2.18889524803530151e+02
3.91836350810831732e+02
1.33274124385638061e+02
2.10425679674285561e+02
2.90913031471197598e+02
1.64661288854516670e+02
1.66263780712971737e+02
3.67658852117339791e+02
1.54077367169688671e+02
1.70820938879062936e+02
4.15725393608040122e+02
9.84536675128967147e+01
1.98017067177463616e+02
4.23240946920433771e+02
4.77419859021028969e+01
1.53827694917787341e+02
3.92105665970417874e+02
1.38066639111794558e+02
1.91731533566112205e+02
3.93171985815232233e+02
1.04096480618656116e+02
1.84121487313928185e+02
4.66078179719216791e+02
5.48003329668550947e+01
1.93886089551991773e+02
3.62442548751376194e+02
1.78671361696632232e+02
2.00084681843012191e+02
4.07880242249020228e+02
1.39035075907967155e+02
2.11522634660994072e+02
3.76586525377343094e+02
1.39890839961663346e+02
1.54135041617116684e+02
3.64696341850313388e+02
1.10168616532569388e+02
2.24769919025215103e+02
3.99504242858065652e+02
8.77258381167195438e+01
2.23563380143848150e+02
4.18817347349621798e+02
7.46192725065301659e+01
1.85831384627595781e+02
4.33088439837979024e+02
1.14080175534424910e+02
1.84567096132706098e+02
4.02193431060083071e+02
1.49239472807210831e+02
1.04691903109947731e+02
3.94319282500927216e+02
1.29988814389124940e+02
1.48952236657208147e+02
4.18466810530894861e+02
1.20580952811896609e+02
1.61753460506165652e+02
4.76426229477836159e+02
5.48203100159974070e+01
1.50672633287141508e+02
3.50547748077728443e+02
1.26779618635129765e+02
2.19347776751090947e+02
3.83148629302179984e+02
8.15035939467289126e+01
2.18012325395994253e+02
4.26891246568795282e+02
9.70964280352107920e+01
2.31880379010848799e+02
4.09841837594695789e+02
4.42777833944554189e+01
2.19983046733697165e+02
4.32314000444707744e+02
5.87029528215954599e+01
2.10202077824759840e+02
3.44255716360478345e+02
1.08542205814762085e+02
1.85419453726687948e+02
3.93965127905261966e+02
9.96154183680502854e+01
2.14026585212045092e+02
3.76338343056679776e+02
1.20635071731275048e+02
2.32013810607889354e+02
3.70974616709269753e+02
1.03011572682840907e+02
2.69787851856160614e+02
3.50702409183900102e+02
1.03509738959939298e+02
2.04465505637298946e+02
4.11170383023320369e+02
6.93641113393808837e+01
1.95457089337134221e+02
4.09103221746648785e+02
1.31439688916217222e+02
1.79970234314418690e+02
3.98226604093963260e+02
1.33803161591618419e+02
2.36534382386890684e+02
3.86869612300657366e+02
5.15960053124514531e+01
1.32392308187994274e+02
3.56974745058010626e+02
1.70632946753995100e+02
1.20407605738060553e+02
3.85955295909306130e+02
1.77637098352633330e+02
1.52170800651564576e+02
3.55857157583116248e+02
1.59972041765319290e+02
1.89760131629303544e+02
4.17735034109926119e+02
1.21504834260770323e+02
1.82805340010914733e+02
4.33644421251528513e+02
1.34550238737556441e+02
1.73998834548703456e+02
4.64394498198834071e+02
8.76066672524623726e+01
2.18837950554501163e+02
4.11472433905631249e+02
7.26896155398678019e+01
1.52131563017232452e+02
3.39994570577515844e+02
2.22873866405251874e+02
2.11459468949213544e+02
4.23155025506588231e+02
6.13855055441984376e+01
1.81489144163176718e+02
4.15981538710326561e+02
1.46529317126495982e+02
1.86962628698722483e+02
4.42715295578556265e+02
9.53220757227210669e+01
2.06895990074968836e+02
2.98098693833624509e+02
1.28005316091406598e+02
2.03726106285521553e+02
4.59910603447181018e+02
5.33632902672974438e+01
2.22143260828603388e+02
3.69636162951378708e+02
1.15220576220017747e+02
2.29295517810822560e+02
4.35577592200569313e+02
1.01126889988608454e+02
2.10327987338593061e+02
4.29304326230416223e+02
9.03676864309913697e+01
1.78955145814708686e+02
4.50872645931393038e+02
6.31722082538985958e+01
1.96304800542993974e+02
2.91351826691470023e+02
1.76343372765536259e+02
1.97579377127463658e+02
3.93490817493829411e+02
1.13929805378706632e+02
1.62822151240344084e+02
3.69605112809196100e+02
1.09572735950460228e+02
2.00017030339193383e+02
4.71151233410830969e+02
5.68317362499751297e+01
2.12047457337399237e+02
3.64265944983765564e+02
7.36865976788351986e+01
1.48645599791425440e+02
3.75461444122308819e+02
1.34892956086265372e+02
1.59630981869694295e+02
3.46579712291082103e+02
1.82789305839223573e+02
1.39600007442253826e+02
3.94631790330386650e+02
1.66768202227359211e+02
2.30400679323911874e+02
3.21018886956738640e+02
1.04580433719349699e+02
1.98213055065891552e+02
3.95431338902128516e+02
9.93556060319799599e+01
2.50470291858654832e+02
3.54085976923322164e+02
1.21443731218021981e+02
1.56429267376787379e+02
4.28805979788072307e+02
8.87647528351401007e+01
1.45136740010004246e+02
3.20582328334558326e+02
2.37280931655437968e+02
1.19154173758996748e+02
4.13791108234452395e+02
1.45054718006551013e+02
1.55380828762344407e+02
3.79630203057320671e+02
1.47988968180334751e+02
1.77200195803969848e+02
4.24630383297645494e+02
9.51694208983845158e+01
1.57408549294600761e+02
2.66315095381310300e+02
2.32276355324089167e+02
1.98194028177829665e+02
4.18854710000611703e+02
5.99512618215588233e+01
1.88196166931102482e+02
3.15767407124232250e+02
1.98036425944665183e+02
2.45622020411605718e+02
4.20782270276950101e+02
4.25957093114438550e+01
2.09343240534207723e+02
3.41481763033251752e+02
1.44174996432540610e+02
2.18174633635652754e+02
3.85220093149553747e+02
1.06605273214793229e+02
2.25144279129588142e+02
4.71196065561250919e+02
4.66596553091605699e+01
9.29175552008811962e+01
3.69737754598558297e+02
2.22344690200560706e+02
1.79675796817587639e+02
4.55751625822866004e+02
4.25725773595463366e+01
1.51788847855302208e+02
4.15177716219891352e+02
1.64033435924806469e+02
1.81360485763188905e+02
4.20092869852897877e+02
9.05466443839130619e+01
1.71144925781563302e+02
4.18776857590591817e+02
1.01078216627845194e+02
2.07699068172368072e+02
3.97371320048610926e+02
1.17929611779020661e+02
1.67145852630453504e+02
4.93170889813388612e+02
1.05683257556157670e+02
1.43904897511487405e+02
3.14505374900688707e+02
2.49589727587824058e+02
1.99402213703411661e+02
3.52375208203909324e+02
1.63222578092678759e+02
2.56672487774998842e+02
4.25866709316963409e+02
5.64608029080377634e+01
2.09402241370841296e+02
4.63588092892077384e+02
6.40096657370814199e+01
1.71523418065898397e+02
4.32982735850214965e+02
1.22493846083886226e+02
1.66776012190535454e+02
3.69813484304381575e+02
1.88410503505082403e+02
1.97975668712633478e+02
4.11131146706387767e+02
1.22893184580978343e+02
1.68384486070083426e+02
3.62118381970546238e+02
1.19497131959370833e+02
1.13070940832365878e+02
4.59584073525656947e+02
1.49344985641977246e+02
2.06188463986359608e+02
4.05239401071488885e+02
1.04572134942151521e+02
1.91425928550132937e+02
4.10561053696153920e+02
1.08013017753713740e+02
1.48958510377959811e+02
3.50055237956620601e+02
2.24986251665419815e+02
1.53698149673870859e+02
2.85903638454807776e+02
2.34398211871321479e+02
1.78053270862858966e+02
3.74387431774246409e+02
1.42559297362894426e+02
8.85289802259019183e+01
4.07969720862563463e+02
1.93501298911534320e+02
1.38511007554752581e+02
3.97844535294892069e+02
2.02644457150354896e+02
1.99817064819889083e+02
4.52751725141331235e+02
6.54312100387796107e+01
1.46086506024671024e+02
4.06116835345816583e+02
1.10796658629512308e+02
1.92645601963036995e+02
3.84218231612804459e+02
1.39136166424158375e+02
1.64406456509841661e+02
4.10237474805842226e+02
9.53560686843160283e+01
2.28159459656122351e+02
4.05980884886277067e+02
1.32859655457600638e+02
2.26797387718930565e+02
4.21179498501419062e+02
9.90231137796505578e+01
2.45499515443781490e+02
3.31624141238403354e+02
1.51876343317815213e+02
2.05176808913044340e+02
4.26305410126920037e+02
1.09517780960035296e+02
1.24342072663197413e+02
4.41211682586274719e+02
1.22446244750528365e+02
1.42917582188639358e+02
4.33960366153171833e+02
1.16122051658188369e+02
1.52266909207339239e+02
4.10037258409139895e+02
1.29695832383520553e+02
1.62249394597160290e+02
4.28327895287313254e+02
1.08422710115526527e+02
1.70031739602010987e+02
4.07000908812501791e+02
1.15967351585486767e+02
1.69165104885992406e+02
3.82719163483142552e+02
8.61157316308642180e+01
1.57198815643134594e+02
4.00782642237951109e+02
1.71018542118914297e+02
1.99994410434522251e+02
4.23037604211993198e+02
8.19679853534844227e+01
7.07803528177959009e+01
3.18433109109365091e+02
2.67786538072839221e+02
1.37871808588892520e+02
3.83078634425786220e+02
1.67049556985321573e+02
2.93473801381115152e+02
4.16575282589406129e+02
7.49509160294790462e+01
1.87275742575227639e+02
4.12236304131947293e+02
9.04879532928248267e+01
2.09580021066750049e+02
4.56907438142186038e+02
4.95125407910644029e+01
1.55721536992412609e+02
3.78272838681691269e+02
1.10005624325895809e+02
1.37481404509663605e+02
3.33501179793266431e+02
1.94017415697070277e+02
2.06589079682214958e+02
4.43218483213305262e+02
6.61924371044803195e+01
2.06283940161759290e+02
3.25594417977769353e+02
1.49121641860471811e+02
2.55821635861088652e+02
3.59325829669877749e+02
7.88525344690333583e+01
1.83002838321825919e+02
4.28528278669313124e+02
8.04688830088611411e+01
1.32611539628422179e+02
4.39541636802401683e+02
1.55846823569176223e+02
1.47769329944616345e+02
4.58637711942977774e+02
9.15929581124055687e+01
1.91033228256373405e+02
3.91256420147712106e+02
6.87103515959142186e+01
1.92368132078907536e+02
3.36681985744321707e+02
1.85949882176771297e+02
1.89625678098631198e+02
4.67162470425240940e+02
7.72118514761279044e+01
1.57639875745491821e+02
4.26832418562028352e+02
9.35277056924790315e+01
1.19316999711740308e+02
4.03046233859764982e+02
1.12636766428494653e+02
1.97123406452628274e+02
4.17272645292123173e+02
1.42603948255247872e+02
1.71537667628521575e+02
4.55553221210438892e+02
6.49091111610397746e+01
2.06488283719419485e+02
4.03750191457226265e+02
1.33761524823354449e+02
2.29119212021273512e+02
3.69854128261022140e+02
9.80266597177041064e+01
1.58254378504617506e+02
3.51193898720342872e+02
1.64551722775039792e+02
1.46586154327000372e+02
3.94012387998905069e+02
9.84014576740944449e+01
2.06397865745864237e+02
4.12256212243996856e+02
1.14345922010138807e+02
1.95382617265339604e+02
4.20630706399064479e+02
8.59866763355962576e+01
1.94570056156283499e+02
4.20553022333014951e+02
9.88769215107013650e+01
1.78766283410538222e+02
3.55002673826069156e+02
1.46231042763392566e+02
1.76501467411254822e+02
3.85900835729757034e+02
1.28597696858988314e+02
1.57810082263557092e+02
4.00347073643558133e+02
1.20842844092885414e+02
1.88523773271051738e+02
4.28095344198204202e+02
5.83808825307443797e+01
1.93502200215931651e+02
4.14810676890113825e+02
1.06687122893954353e+02
1.77787790220401718e+02
4.29979815805818362e+02
1.11232393973780120e+02
1.84319949672350901e+02
3.70232246416348573e+02
1.62447803911300326e+02
2.08075645256715944e+02
4.42238587776401118e+02
1.07685766966882596e+02
1.22800886130456803e+02
2.11149486924984416e+02
2.52049626944558554e+02
1.50411624309712749e+02
2.71387014149834954e+02
2.47201361540452069e+02
6.88316288368995117e+01
2.12997854582412401e+02
3.48170516580688286e+02
5.32518090315067880e+01
2.47273794248303716e+02
3.53474396720189702e+02
1.55602753826526850e+02
2.56619923631272854e+02
2.13777322542200437e+02
1.18953518818969087e+02
2.73926891021169524e+02
2.66119590159861502e+02
1.33941556767566823e+02
2.52723419418222647e+02
2.79335023814210615e+02
1.39929178195838375e+02
3.29279293747551264e+02
1.99791528056610105e+02
1.28149477245141185e+02
2.02752622093227473e+02
3.10097900661631286e+02
1.15568140407018703e+02
3.02769265421543764e+02
2.59662594171437775e+02
6.79300985644452879e+01
2.16854481491023790e+02
3.90215419944530993e+02
1.06064285092867166e+02
2.22412467817259767e+02
3.03523247089873053e+02
1.31925142448542516e+02
2.28216431985396270e+02
3.24858425566061157e+02
1.30341185501142405e+02
3.24358911641691066e+02
2.29299902857166927e+02
9.42483003685147054e+01
2.78810073960225225e+02
2.79941625671260624e+02
2.10259855584404420e+02
3.18357052685217525e+02
1.64383091730377799e+02
1.25898098600704387e+02
1.99817760795423794e+02
3.02284140603871663e+02
1.22017960891983691e+02
1.96072899063895733e+02
3.39909140044120363e+02
1.20100255707850053e+02
2.64331935921260992e+02
2.69567808370889281e+02
1.23685131056116916e+02
2.03274582229350813e+02
2.78040286714532158e+02
1.46986155102322869e+02
3.31561585091579161e+02
1.37452259806097743e+02
1.55160812521980858e+02
2.82748629438270427e+02
2.17090558039749197e+02
1.46019274983853421e+02
3.04796289429870910e+02
1.81184435586275583e+02
9.37897768494689359e+01
2.83373838508078336e+02
3.02836384642452629e+02
1.88843193500734429e+02
2.62348840121720912e+02
1.84807966377544744e+02
1.28353558867683091e+02
2.17061393071338301e+02
2.74585048060978750e+02
1.46746789098257352e+02
3.23104338138464016e+02
1.71148872763278632e+02
1.57774350151752230e+02
3.27386103579059352e+02
1.90839546269188332e+02
1.80619708135276170e+02
2.89905926749449861e+02
1.83474365115273827e+02
9.91395006186426144e+01
2.90944105254394685e+02
2.43916394126962530e+02
1.55499051855734280e+02
2.45767574495356655e+02
2.43733373648908923e+02
1.43257935788278786e+02
2.63102519223199522e+02
2.12639544988521351e+02
1.22857888019599798e+02
2.84420787558295444e+02
2.40721324422104402e+02
7.69673811825965259e+01
2.61988562030327557e+02
2.76044056787076272e+02
1.32331436646818389e+02
2.44736986752494403e+02
2.70931576600687151e+02
1.93278212345540538e+02
2.69925817700391974e+02
2.52795969954067459e+02
8.32357095795193089e+01
2.35944304580332584e+02
3.12819985840147524e+02
1.72932423544344090e+02
2.62783785603484375e+02
1.80283790852171478e+02
1.65690493544080454e+02
2.64943835253614395e+02
2.29365671202305322e+02
9.07952580656891968e+01
2.50508012414290135e+02
3.11696729520020881e+02
1.37028142758030981e+02
2.39559829409329893e+02
2.85412027832638785e+02
1.51190081165830890e+02
2.92145943796909137e+02
2.61663975037259775e+02
3.92822151543745548e+01
2.26484910824274976e+02
3.97232874021350142e+02
1.23847155748517565e+02
2.31947092884154785e+02
2.71205751367327480e+02
1.51890329347135236e+02
2.83039410863169110e+02
2.07070259789695626e+02
1.25724260499859142e+02
2.30273127297156492e+02
2.83002612202983869e+02
1.01557746682624170e+02
2.57489447713331344e+02
3.08952805604044158e+02
8.34713970943823256e+01
2.71346614300190140e+02
3.08181988605427819e+02
5.43181243318867857e+01
2.83991498899862279e+02
3.11690376768251213e+02
1.44610591242996264e+02
2.34166192290117408e+02
2.87223216466886242e+02
1.75166230841725081e+02
2.53736597101629798e+02
1.73097172056645263e+02
1.45667372549712383e+02
2.32898756674358708e+02
2.75433870775929222e+02
1.41029535972450446e+02
1.98299076009402114e+02
3.01671388018147411e+02
1.57231014350668943e+02
2.76887018475274829e+02
3.02881967174056285e+02
1.28781121856665465e+02
2.30941681669776386e+02
2.80277196473558206e+02
9.07999625997633046e+01
2.58619586255807974e+02
3.28580451144428253e+02
1.18807926661172203e+02
2.73120143522694661e+02
1.83071929816132950e+02
1.08811202992699791e+02
2.21000435306544347e+02
3.81188361700755763e+02
9.21079214156370512e+01
1.65832919272005427e+02
3.81059159312357565e+02
1.23140759161620423e+02
1.84777458425892547e+02
3.65081782412486973e+02
9.15437167585742912e+01
2.59896112814490209e+02
3.19560170426935031e+02
1.40213548882065396e+02
1.27400237146757249e+02
3.88386213971177597e+02
9.17664322346881534e+01
2.24479265444118255e+02
3.81754302321192995e+02
1.12538626304986337e+02
2.04416232084292176e+02
3.13045141610722055e+02
1.51529318948538361e+02
3.11558453314964311e+02
2.29912227736497130e+02
1.42293053757332132e+02
2.49887538806276552e+02
2.83819407436391316e+02
1.33969837373106571e+02
1.66567689627521503e+02
3.00462472999371414e+02
1.04497776421819736e+02
2.33521343659641900e+02
2.65980879918538506e+02
1.01502302584512535e+02
3.05015306594558126e+02
2.34482390820928998e+02
1.61265613813576607e+02
2.12466487609172049e+02
2.54267898577250946e+02
5.70132587814879201e+01
2.19605504046777014e+02
3.70381237171735222e+02
1.83560750307704012e+02
2.36470600024740804e+02
2.08968649667555098e+02
1.18343269249888962e+02
3.55883482952741588e+02
2.10773247797368924e+02
1.15850689499008354e+02
2.81095771744844228e+02
2.52053538756147645e+02
1.24299115533791124e+02
1.97419112641410607e+02
3.43281771824798341e+02
9.54226596661256536e+01
1.86396594684137312e+02
3.34180745649737446e+02
1.53725810760209214e+02
2.72573390557739572e+02
2.79700798682051129e+02
1.43747400679024196e+02
3.20925652134664233e+02
1.61326947186311486e+02
1.35603758953028802e+02
2.25556326627429428e+02
3.00839914419541799e+02
1.08848483476476062e+02
3.32594683171126519e+02
2.39556833352397149e+02
1.33757063887981559e+02
2.83632370762326275e+02
2.31610565349692422e+02
1.12255821387720502e+02
2.72487162966367976e+02
2.51257015645911622e+02
1.44446190820880304e+02
1.98743640048421724e+02
4.07810169130697659e+02
8.39473902976768329e+01
2.15007663859656077e+02
3.52044945842667175e+02
1.02033930225133076e+02
2.12469942544158414e+02
3.65496127230709021e+02
1.69890019572636589e+02
2.50425103834732539e+02
2.69684876592630758e+02
1.12078586442399853e+02
2.13211791274176534e+02
3.15709622283423585e+02
5.93719405446039374e+01
2.35694999062043564e+02
3.61933060393352491e+02
1.42057909814710428e+02
3.68733200647763397e+02
1.76208889537526204e+02
1.56222554916781405e+02
2.77277658799596338e+02
2.41499786283622370e+02
1.69295679461640901e+02
2.65521223319255910e+02
1.98183097219102905e+02
1.76160736293072944e+02
2.32176490748219379e+02
2.47662772958707791e+02
9.13349139196315605e+01
2.48768584999199732e+02
3.38896501081168878e+02
1.12660693823700157e+02
2.96511599842569751e+02
2.54827706333729452e+02
1.54525299910951844e+02
3.06381820944473816e+02
1.71092879144573942e+02
5.59404794367723923e+01
2.27174458178275330e+02
3.48885062384952278e+02
8.78672740462806559e+01
2.66003244301382836e+02
2.79129481652336381e+02
1.24955629175934916e+02
2.56641221889089309e+02
2.33403148934975690e+02
9.86063136510635161e+01
1.95305151444234525e+02
3.43088534904701987e+02
1.61675380402840318e+02
2.52794802517863047e+02
2.13529817079296322e+02
1.24534017293727629e+02
3.23522485382748755e+02
1.96943497323523872e+02
1.36801545669951736e+02
2.91590491838394883e+02
2.64607962491653325e+02
1.25181490916509205e+02
3.28262569578363355e+02
2.45555939505127014e+02
8.71784519195566787e+01
2.57844887123257706e+02
2.94976660957185629e+02
8.97574712521634410e+01
1.83433399724308174e+02
3.31809129023528783e+02
1.20386829046138914e+02
4.31129790326640375e+02
1.70483380627220413e+02
1.19747930205745291e+02
2.04698661179299222e+02
2.92553408614955060e+02
6.69895150660945973e+01
1.63133091193405704e+02
4.03877393740499599e+02
8.37754491346819776e+01
1.96553495771054855e+02
3.26671055094263011e+02
1.18480701151981606e+02
2.53850401538478053e+02
2.75668897309540341e+02
1.76783888864656859e+02
2.80003919892123179e+02
1.99212191243220332e+02
1.37709865911837284e+02
2.84735553920842506e+02
2.12554580167319756e+02
5.77669041551272429e+01
2.09661651371614710e+02
3.81571444473257600e+02
9.89657084772045579e+01
2.64832976016849159e+02
2.99201315505946752e+02
7.15855356798310822e+01
3.06135607617984817e+02
2.63278856702184555e+02
1.74818960799488934e+02
2.74702105901512425e+02
1.57478933298998726e+02
1.05606455132928346e+02
2.23558813842032350e+02
3.40834731025039332e+02
8.52204398469800566e+01
2.84665600602213203e+02
2.97113959550806953e+02
9.97216784199846842e+01
2.82670140532064465e+02
2.49608181047950495e+02
1.62709184506396952e+02
2.25720106690897495e+02
2.61570708802705894e+02
1.27649680834649189e+02
2.73950539927337616e+02
2.17399779238013053e+02
1.74191268974698318e+02
2.57752187737678469e+02
2.40056543287623271e+02
1.17883397570412669e+02
2.01523528756375669e+02
3.83593073673211848e+02
1.05427138019712743e+02
2.38464051361168885e+02
3.26108810619118742e+02
6.23865418292616525e+01
2.01004976524409756e+02
3.93608481646328585e+02
9.32973232618787591e+01
2.58732206187348481e+02
2.63970470550772916e+02
1.25357158114946529e+02
2.50731830243890840e+02
2.56911011641162702e+02
6.06321890393980212e+01
2.26884549621343297e+02
3.50483261339258831e+02
1.28692846459242759e+02
2.23934622882723403e+02
2.90372530658034123e+02
6.57249128133920664e+01
2.92135492908036611e+02
3.01139594278571678e+02
9.95424822264178459e+01
1.91342731459491716e+02
3.61114786314090111e+02
1.01576534259139521e+02
1.87354766913536906e+02
3.89068698827323885e+02
1.14434482765086699e+02
3.15031691548527647e+02
2.50533825686385882e+02
1.24393553521703097e+02
2.11825540956420951e+02
3.05780905521876093e+02
1.65920036274386291e+02
2.66721308692484286e+02
2.57358655033128912e+02
8.60262397150595888e+01
8.34724507384038219e+01
5.04501309546536561e+02
1.16602800132138455e+02
2.14806236788238181e+02
3.50590963079623521e+02
1.46764795957380528e+02
2.72581170670892107e+02
2.72654033371727735e+02
7.04627903518464507e+01
1.50201457965084529e+02
4.19335751683069418e+02
1.23987237593528349e+02
3.43794962817862029e+02
1.76217799588609637e+02
7.47212946815304093e+01
2.67170965876028731e+02
2.98107739442440732e+02
1.59444724866360616e+02
2.41109301077353649e+02
2.49445974056285877e+02
7.16239797319734777e+01
2.08323263728721571e+02
3.00052756539304482e+02
1.02699417275928965e+02
2.64914578524748379e+02
2.64386004199322599e+02
5.87407395066869071e+01
1.51192196637445306e+02
3.75067063855867957e+02
9.46137595322997385e+01
2.63248032112989563e+02
2.94138208354710798e+02
1.05795152894566044e+02
2.60758929372175146e+02
2.80445917733259478e+02
9.93248521562814091e+01
2.94277899702972661e+02
2.68397248140746058e+02
9.72439852489215895e+01
2.38142919659536176e+02
3.06613095091542107e+02
1.10401865177147997e+02
2.99189095430896771e+02
2.65409039391955787e+02
1.51575507217167996e+02
2.01233857531339169e+02
3.49190635251493120e+02
1.07007530726804191e+02
2.28576302651280059e+02
3.13416166621915750e+02
9.62926924351876750e+01
2.55760519962189818e+02
3.22946787602622919e+02
7.05575039562170048e+01
1.57665296953871092e+02
4.04777199089912358e+02
1.19845568488930553e+02
2.38083364659999830e+02
2.94071066851069929e+02
1.39946350830502269e+02
2.76223745579576928e+02
2.42829903589920661e+02
1.45868198988777550e+02
2.74061118777499360e+02
2.09070682233723488e+02
6.43377821785465898e+01
2.03818899242364097e+02
4.02843318579089157e+02
1.42876345804640010e+02
2.25465178003867379e+02
3.02658476191492355e+02
1.12126576715736917e+02
2.66512083103168493e+02
2.66361340181094704e+02
1.08566529419943208e+02
2.75418364062271223e+02
2.53015106517785540e+02
1.17212798930844869e+02
2.82591390073838681e+02
2.34195810995316322e+02
1.22503499694440052e+02
2.67505142747840353e+02
3.17991357557719084e+02
1.18664168067107482e+02
3.50605838463262046e+02
1.59729993469630443e+02
1.33707408476109492e+02
2.56918641602868036e+02
2.92373949921022245e+02
1.51835528884218263e+02
2.65790937689385714e+02
2.19373533426396477e+02
1.96471478536226158e+02
3.39200306987919475e+02
1.62328214475854281e+02
9.43944809409194221e+01
2.40616672003114672e+02
3.77988847055965948e+02
1.83780746573371630e+02
2.38225164395323475e+02
2.68994089031305123e+02
1.84247025357584818e+02
3.03584430616836300e+02
1.94168544025578797e+02
1.65079676363538454e+02
2.88597339205023957e+02
1.93322984431437249e+02
1.17087845671611461e+02
2.53498350133460946e+02
2.36413804194927849e+02
1.16774968720486171e+02
2.48042630263152944e+02
2.78182401016361098e+02
1.78863950453690819e+02
2.37220289943467094e+02
2.80915759602841888e+02
9.62759325000632344e+01
2.32794774814484498e+02
3.35929292685452026e+02
1.79435543100634561e+02
2.89286718277483374e+02
2.06277738621882492e+02
1.44959655033704450e+02
3.24414150847887697e+02
1.55626194118407739e+02
1.37068198092073715e+02
2.82853839793619272e+02
2.37077962114306928e+02
1.03822496592730005e+02
1.95205641689048321e+02
3.97971861718221248e+02
9.91867963565361634e+01
1.66052166177500908e+02
4.41761037465963000e+02
6.21078327575971088e+01
2.02391429869958699e+02
4.04500737372444746e+02
7.47345523008123678e+01
2.53729841180533441e+02
3.27535606518654561e+02
1.38146939742735299e+02
3.21885274032400275e+02
2.27967786224864341e+02
1.21491914070258687e+02
2.46175064316143420e+02
3.11333021613598078e+02
1.19982395499711203e+02
3.00527881417383753e+02
2.29489723082904959e+02
1.56530590435535430e+02
2.69189394684223998e+02
2.41280014880240429e+02
1.12091950187689193e+02
2.45755268251961297e+02
2.78152781560349695e+02
7.43011269352220012e+01
2.28965401517478512e+02
3.60733471547299928e+02
1.25498039568460214e+02
2.08624940787822112e+02
3.24877019643718199e+02
1.87328253357247632e+02
2.23043945161190379e+02
2.52627801481562159e+02
1.03101676311036030e+02
3.63354441385039308e+02
1.98543882303924988e+02
1.33264194808416903e+02
2.39691790440896426e+02
2.75044014750686699e+02
1.65557676596412563e+02
2.78281329667661396e+02
2.23160993735926127e+02
1.01138507948684975e+02
2.45111994044399552e+02
2.63749498006915360e+02
6.45870178606936349e+01
2.78265569947962149e+02
3.03147412191344131e+02
1.49475849797729580e+02
2.26004495568198763e+02
2.66519654634071685e+02
1.44145032144149866e+02
2.17428380098519938e+02
3.14426587757330424e+02
1.42533018863524433e+02
3.08545714585871281e+02
1.56921266550603974e+02
1.27400442113555314e+02
1.90244760398307307e+02
3.21354797488137820e+02
1.72756959039343826e+02
2.92600002339843854e+02
2.15643038620812433e+02
1.62830637231756782e+02
2.93414211087318222e+02
2.35755151680924911e+02
1.18909692790033901e+02
2.31224882106885445e+02
2.81865425103080440e+02
8.42373222330787996e+01
2.17557787293953083e+02
3.34204890472967975e+02
1.31296010216453567e+02
2.94108977489935171e+02
2.16595012293611177e+02
1.70562985746991245e+02
2.50027306092446537e+02
1.82409708160562190e+02
1.41950274656939939e+02
3.74979334540187665e+02
1.84070390802872367e+02
1.70147682772369876e+02
2.75341262435377246e+02
2.36511054792253191e+02
7.78488184575759306e+01
2.19501192401016965e+02
3.48649989141407104e+02
1.27099810377465516e+02
2.35509645814369264e+02
3.15390543808165319e+02
1.34212066477581800e+02
1.91451252771503817e+02
3.19336680750914525e+02
9.52367324272827034e+01
2.12330771088041786e+02
3.16432496484675482e+02
1.08191512387963243e+02
1.76257538267236356e+02
3.95550949344800472e+02
1.05255388856404238e+02
2.00613648322261440e+02
3.79130962821334322e+02
1.51862917917011714e+02
2.49472987672824217e+02
2.86664094410163955e+02
1.59378265790883404e+02
2.38538430289061779e+02
2.96083303920054846e+02
1.28918958419048465e+02
2.22941389760166203e+02
3.06139651820785559e+02
1.60598842523977794e+02
2.75854404200742749e+02
2.05546753275279656e+02
1.05736388181920859e+02
3.21161631202613535e+02
2.25101980615465209e+02
1.60007420906012271e+02
2.73512543705981273e+02
1.49480035388006598e+02
1.36985005483990818e+02
2.81343589184584687e+02
2.05671405331425035e+02
1.08097726110271466e+02
1.80617005211160006e+02
3.85285268678568173e+02
9.66027083793805588e+01
3.55787854704169433e+02
2.08609436916449908e+02
8.84443920543575501e+01
2.32537228853590420e+02
3.36018379092052271e+02
1.25746784424806251e+02
2.52013808368497024e+02
2.37239407206696484e+02
1.37453561969065504e+02
2.70239018257001078e+02
2.42307419773933646e+02
1.64782941697085818e+02
2.34099398522190938e+02
2.43117659780723585e+02
1.09641780988083681e+02
2.55670720791265637e+02
2.61687498220650866e+02
4.55465563430291098e+01
2.44612809207663673e+02
3.00840634449306947e+02
1.93086004349653678e+02
3.64513790385387495e+02
1.87400205264958714e+02
1.74292071531968617e+02
2.91109019940203552e+02
1.63598908527827689e+02
8.67874047926047041e+01
2.10830676538774213e+02
3.54381918668621154e+02
1.13229843749766957e+02
2.07869469355159481e+02
3.09900686895074102e+02
1.87163160140442102e+02
3.44021083780279639e+02
1.92815756079277861e+02
1.39498293910719241e+02
2.57740649327331766e+02
3.09761056761949305e+02
1.61961558526812667e+02
2.97768557393346327e+02
1.90269884079840836e+02
1.04210277894255015e+02
2.34535919226562726e+02
3.06253802879182558e+02
8.37092399838664250e+01
2.73581107557813368e+02
3.30709652458320193e+02
1.87688771707776311e+02
2.36126479053893519e+02
2.13184749238329971e+02
1.18151256183641209e+02
2.67308622476215760e+02
2.93540121340142889e+02
1.18576238502373954e+02
2.36337813655384821e+02
3.02085947842241012e+02
1.53586957275901142e+02
2.60141455608841454e+02
2.47271587115258001e+02
1.10827377159390963e+02
2.13903090755645707e+02
3.19269532084963146e+02
1.45075482761060726e+02
1.86705733328688552e+02
3.18218783910250693e+02
9.90220019557788902e+01
2.14265534407573000e+02
3.13712463636648351e+02
1.13611687742441234e+02
1.83298221591476022e+02
3.26090090666082745e+02
9.07476094349765390e+01
2.53997116819945830e+02
2.74255273745077886e+02
1.49991669187926590e+02
3.30375021400021410e+02
1.38633309412051801e+02
1.43115503081606789e+02
2.39616430092730667e+02
3.18268066825663027e+02
1.64414273907772184e+02
2.47444127306102672e+02
2.11141598786124774e+02
1.19073104118185242e+02
2.93251713122136550e+02
2.47675182759678023e+02
1.26106340955866344e+02
2.40315036503682592e+02
2.98578622540451363e+02
1.06916192835710916e+02
2.61954478480542832e+02
2.80129328683746053e+02
1.06943691300587261e+02
2.48146794353921138e+02
2.75909514345491345e+02
6.30832842868696346e+01
2.11162277112581251e+02
4.05754438600550031e+02
1.70989626406560149e+02
3.08226478147420551e+02
1.90783895446019613e+02
1.62981603105780380e+02
2.76938016929843343e+02
2.14080379964377073e+02
1.87627409853598266e+02
2.89390236833752795e+02
1.74982353312648996e+02
1.61353096322829117e+02
2.44652325878857482e+02
2.09994577798313429e+02
8.82483746662883561e+01
2.21788836745759113e+02
3.51962788587953128e+02
9.46710899135580632e+01
2.77244763625771441e+02
3.11084146460670581e+02
1.39947179582817455e+02
2.73102814093634095e+02
2.39950006323548592e+02
1.14820561488394347e+02
2.15540204537640847e+02
3.25639233973964963e+02
7.31905584563215257e+01
1.74064489363694548e+02
4.10744952179983784e+02
1.49661797601357648e+02
2.80130715708065566e+02
2.50207486690576474e+02
1.20720344811887799e+02
2.66114787772786315e+02
2.67164867415325830e+02
8.46703322991030944e+01
1.77038830725420496e+02
3.80290836975476111e+02
9.99085988957399849e+01
2.71589069847741257e+02
3.22502331256518403e+02
1.49442869700659543e+02
3.60249225422344352e+02
1.02307904876996290e+02
1.67397667817987980e+02
2.05727328481889685e+02
2.63875003700122249e+02
1.92294488350045498e+02
2.80359034047350121e+02
2.02346477602604551e+02
1.37666662283135651e+02
2.28510836567005896e+02
3.10822501149858681e+02
1.52680817365411428e+02
2.28830329894198428e+02
2.60488852740390428e+02
1.85447138092335564e+02
2.52750107127639552e+02
2.37802754780025140e+02
7.44274106646816307e+01
2.50105309095624051e+02
2.57467280239694446e+02
1.11821659707761057e+02
2.62838241571511958e+02
2.85340098720726985e+02
8.64130111302645361e+01
2.48073857000126708e+02
2.78513131869608571e+02
1.60991857736248221e+02
2.75949841861100253e+02
2.21058300402651952e+02
1.75759177783971239e+02
3.31677087806256054e+02
1.79563734409772877e+02
8.30354946228313793e+01
2.58163133383484819e+02
2.78801371993683574e+02
1.08372839492224841e+02
2.60857112994261968e+02
2.76770047513513532e+02
9.18605532442679902e+01
2.34175929039258278e+02
3.08963517716473518e+02
1.90932574073018714e+02
2.63346416162073353e+02
1.87721009764907592e+02
9.67848224399746755e+01
2.51374625640288684e+02
3.18840551919736583e+02
7.88008325912401233e+01
2.23324851809584715e+02
3.07874315599175475e+02
8.69242129559202539e+01
2.74885099041384478e+02
2.92190688002694969e+02
1.35238053025786854e+02
2.48711906007851923e+02
2.32050040966360996e+02
1.84962721471396719e+02
2.34976948662148914e+02
2.29060329866454225e+02
1.15743705715398235e+02
2.10300173578796432e+02
3.66956120705805802e+02
1.04699959004411610e+02
2.08484439725925995e+02
3.45815601269662125e+02
1.22598320698529477e+02
2.41896730205966946e+02
3.10504949095503434e+02
2.13199849392882157e+02
3.15204281320623409e+02
1.43595869286494491e+02
1.20515187132972770e+02
2.56013807916339488e+02
2.34471004950687728e+02
9.44728430052898602e+01
3.75641137696061151e+02
2.01886019298648478e+02
8.99231788814953177e+01
1.81111687358021783e+02
3.93965133760482956e+02
1.05653741779614577e+02
2.07249943693332796e+02
3.96096314527052925e+02
9.24036125846031098e+01
2.55748541510532561e+02
2.92847845904865039e+02
1.03649737022181640e+02
2.44837265422111130e+02
3.29512997555707614e+02
1.28348158971873943e+02
3.07460236202902252e+02
2.22191604825223351e+02
1.23177376267982197e+02
1.65091855139389594e+02
3.75730768592628124e+02
9.68417244291807151e+01
2.71251410844946292e+02
3.26906864725872651e+02
9.43188118688156862e+01
1.74959539234155898e+02
4.10721648897028388e+02
8.56307738681335593e+01
2.38900387201415782e+02
3.42468838930451341e+02
1.34023680927893253e+02
2.82815484342551599e+02
2.58160834729555006e+02
1.72157572061536115e+02
2.42180281662622207e+02
2.31662146275841707e+02
1.04408991563055991e+02
3.06240871794891802e+02
1.95350136642052632e+02
9.00961932003697115e+01
2.24112970095203764e+02
3.60790836704426681e+02
6.54569124125529385e+01
2.13898390408647515e+02
3.27644697178799220e+02
1.98613449666288034e+02
3.34160823114537493e+02
1.58225727219174416e+02
5.59703600725101111e+01
2.50718311812693258e+02
3.04311328114796765e+02
1.21866061807331235e+02
1.66621646936027020e+02
3.76512291256641504e+02
1.32128270611334159e+02
2.30176917694861260e+02
2.77694811693804354e+02
1.43348087706900344e+02
2.69403435239929991e+02
2.16248477053170177e+02
1.26193089520787083e+02
2.71747121569803312e+02
3.41059788909409406e+02
5.63638358860290936e+01
1.27158886022914800e+02
3.72477278091055950e+02
2.26725530004805819e+02
2.66041880569412399e+02
1.61232589425781441e+02
1.79814381738259669e+02
2.63934744376254343e+02
2.04250873885486072e+02
1.65050091805684247e+02
2.46851973486300921e+02
2.55097934708015060e+02
1.17681712576031188e+02
2.64820003357475855e+02
2.84498284066492772e+02
1.46158955814058913e+02
2.82539831267329305e+02
2.58301212918611725e+02
1.48733255441884296e+02
3.21820897933468189e+02
2.01445846624647629e+02
6.70473942258096969e+01
1.87509021788095936e+02
4.51443583986094382e+02
1.35174255581681336e+02
2.85991420415823313e+02
2.09834324002495521e+02
9.96651217681526020e+01
1.64172914137330139e+02
3.89161964094517316e+02
9.81906259067660869e+01
2.77198842078459165e+02
2.69610532014774776e+02
1.70271165219917492e+02
2.97316146097684680e+02
2.19412688682397743e+02
9.30492393523788479e+01
2.74186258567354912e+02
2.79764502080265800e+02
1.59872582638561681e+02
2.91082239996546321e+02
1.87045177364891856e+02
1.15841308205019089e+02
1.79336322758440474e+02
3.57822369036540010e+02
1.56048739106623884e+02
2.93751151202118649e+02
1.92200109691257978e+02
1.13164855042844152e+02
3.55272441766389989e+02
1.80562703190765603e+02
2.01669048781232505e+02
3.45143675356433960e+02
1.51187275862333820e+02
1.47292772067446947e+02
2.84899419987124304e+02
2.13807807945429062e+02
9.81593578627693404e+01
2.79786051517523731e+02
3.29054590619706289e+02
1.97024323607118646e+02
2.22791386167932131e+02
2.53184290224949564e+02
5.16809678815842631e+02
2.09638367444636430e+02
1.58551953739520314e+02
4.49054638504342108e+02
1.69848599904641105e+02
2.57096761591017639e+02
5.45631546290847382e+02
1.40253039684893906e+02
1.50115414024258740e+02
5.23972603855689044e+02
2.08809945973503233e+02
1.96217450170807609e+02
5.22261304979952342e+02
9.39139486545529110e+01
3.17824746365494491e+02
4.82728045376689693e+02
1.62409287214149685e+02
2.68862667409160849e+02
4.32704688155824726e+02
1.56575026098213755e+02
2.46720285745960865e+02
4.00136402096659481e+02
1.76242535824797585e+02
3.00621062078543105e+02
3.33249195129562565e+02
1.48386507148695387e+02
3.80364297721741764e+02
5.13372000624162297e+02
1.13279686786135699e+02
2.17348312589701692e+02
4.99022454311495551e+02
1.59841417190092386e+02
1.94136128498411949e+02
4.39784950897992303e+02
1.66302918610763555e+02
2.26912130491244284e+02
4.97572426067034485e+02
1.48024465289010465e+02
1.87403108643955221e+02
5.26650787128291086e+02
1.31691796259754511e+02
2.23657416611954488e+02
4.10565754654865543e+02
9.76717638175579594e+01
4.61762481527576597e+02
4.94479688005817252e+02
1.98841596570517709e+02
2.07678715423665039e+02
5.38772745394985122e+02
1.83541170968172594e+02
1.83686083636841460e+02
4.51102259357718253e+02
1.67983241272811995e+02
2.48914499369469922e+02
3.96467203274272322e+02
1.04415864047887581e+02
3.56116932677840566e+02
5.61477953746756498e+02
1.75669388786955153e+02
1.52852657466289060e+02
5.56757039312000643e+02
1.53282806825504878e+02
1.97960153862495446e+02
5.05327615402352478e+02
1.53916288264437583e+02
2.33756096333210110e+02
2.83555584261507590e+02
1.06237673417810100e+02
3.51206742320682395e+02
3.94902576769123698e+02
9.74211782539566826e+01
3.54676244976919065e+02
5.47488142249515022e+02
1.46046013604631156e+02
2.21465844145853765e+02
5.90365310016402873e+02
1.97105501912970510e+02
1.58529188070627583e+02
5.66773904803991172e+02
1.84918942410317385e+02
1.42307152785690960e+02
5.14408890830749101e+02
1.65978669590631398e+02
2.49612439578619757e+02
3.40374991053879626e+02
1.59621022039586251e+02
4.14003986906533953e+02
4.91419581965502005e+02
1.97732720812156401e+02
2.21847697222341395e+02
3.91040321741690207e+02
1.66478894863062635e+02
2.99480783395247443e+02
5.28653638661745049e+02
1.38423470827444220e+02
2.31922890510810618e+02
3.93273368422562498e+02
1.46040729271302780e+02
3.49685902306134608e+02
4.96122802582038275e+02
1.77552920678339120e+02
1.48324276739622405e+02
4.52892576445458531e+02
1.58258883855276252e+02
2.18848539699265615e+02
4.77594682594023197e+02
1.15041801085994493e+02
2.99363516319982068e+02
5.57513927436742620e+02
1.25332026235281134e+02
1.97154046327975266e+02
5.44395309579799573e+02
1.34600625646304138e+02
2.05004064773895692e+02
4.65826200283843548e+02
1.53616489090792726e+02
2.21557310625364238e+02
5.61036652782120882e+02
1.69846534016991512e+02
1.30116813200887776e+02
3.86543271568672139e+02
1.37558851496165460e+02
3.23897876935161207e+02
6.08262226870812242e+02
1.31559227533347666e+02
2.01178545595839466e+02
4.85918427577382488e+02
2.29806130343283343e+02
1.30275442079334539e+02
4.66498170105256236e+02
1.70728684749052434e+02
2.86773145145692069e+02
4.82933292892242378e+02
2.02723741511037815e+02
2.03342965596720035e+02
4.72192138309532254e+02
1.82368908407018409e+02
2.98438953283448427e+02
5.24262869192185804e+02
1.85086787709967439e+02
2.18650343097846672e+02
4.52134387082118792e+02
1.95031267533309062e+02
2.48834345384571748e+02
4.23104710695257893e+02
1.26397988457916071e+02
3.32497300846825397e+02
4.67885348201463160e+02
1.59465467149454014e+02
2.36649184649082486e+02
4.24290246914912302e+02
1.37211139369536198e+02
3.05498613715552267e+02
3.45576848904438350e+02
1.74648724226097386e+02
2.63774426869464833e+02
5.58116930716289971e+02
1.04512156898358128e+02
3.09370912385352653e+02
4.36441599910510718e+02
1.00595719876056449e+02
2.83962680213433828e+02
4.34229266749338763e+02
2.00908765659777544e+02
2.10861967590883665e+02
5.57591166895935316e+02
1.75347683839058533e+02
1.61061149265007202e+02
5.11850756722152937e+02
1.51173758606884434e+02
1.69975484670962061e+02
5.98713667478323032e+02
1.81278974960272791e+02
1.58007357561405001e+02
3.93273802308235076e+02
1.42141224976934382e+02
3.90584972714830428e+02
5.18348530083073797e+02
2.13352511684551729e+02
1.36298958232374588e+02
3.32718416411673445e+02
1.04713001851469556e+02
4.19568581736857141e+02
5.74495010580350936e+02
8.75696348426557876e+01
2.68935354576993063e+02
5.39916483749379722e+02
2.15640057474024502e+02
1.65443458776596316e+02
4.51393401867434818e+02
2.17968174584673363e+02
2.00638423547891904e+02
3.47320965503228081e+02
1.43216540941106871e+02
3.69462493555665958e+02
4.45543557232967771e+02
1.43038541922706429e+02
2.25417900844325516e+02
5.12245925566417782e+02
1.43962027906035303e+02
2.41792046527547086e+02
4.73930558165073080e+02
1.28905615754047602e+02
2.73163826080879119e+02
5.32815135834352418e+02
1.24031937326939229e+02
2.16152926838708169e+02
4.59690535011276609e+02
1.96489963553888344e+02
2.43819501434835729e+02
3.78970897195316979e+02
1.21576330067636491e+02
3.41452772737046985e+02
5.07006885420921037e+02
1.36448014807408953e+02
2.22545099771670095e+02
5.27851188089898642e+02
1.72131472390803253e+02
1.92017339519298844e+02
5.81101549278929269e+02
9.74394607461238991e+01
2.21458989974947372e+02
4.59406287630045597e+02
2.18921428746990273e+02
2.93672283622964187e+02
4.46614409561831792e+02
1.60454722971830506e+02
2.68930867466337759e+02
5.03294458095951256e+02
1.32079941222629316e+02
2.38625600681419087e+02
4.34827281565647240e+02
1.70720398062485060e+02
2.83452320371867643e+02
3.88977608269040502e+02
1.38408880054402772e+02
3.52613511676556357e+02
5.31859233725162994e+02
1.74718362335988473e+02
1.89422403938849271e+02
4.32886326226932681e+02
1.57080709924417960e+02
2.32032963848649672e+02
4.83614034033679161e+02
2.12360692827232697e+02
1.38025273139087830e+02
5.74065671204933778e+02
1.31043349787937814e+02
2.31890979007127868e+02
4.75213663401574706e+02
1.61870769070415520e+02
3.21915567528010001e+02
6.14839517695736617e+02
1.64323248754950669e+02
1.39837233549313794e+02
4.13893045693905208e+02
1.49229701319552333e+02
3.31877252986541748e+02
4.47894319341709036e+02
1.54130376487227466e+02
2.62975304171063954e+02
3.82932477621900830e+02
1.27987253542062703e+02
3.11080268836036851e+02
5.78210644375943957e+02
1.90380853519558542e+02
1.03408502104496961e+02
3.99867313326877820e+02
1.28886673521277061e+02
3.22246013151845091e+02
4.07874242872680156e+02
1.25959992025142668e+02
3.00165765102177431e+02
4.73868273487053784e+02
1.76711475255666869e+02
2.72420251257278892e+02
4.39016430488534354e+02
1.59401558720894201e+02
2.99582010790571360e+02
5.01707325098144736e+02
1.13690615400003438e+02
2.56602059501852352e+02
5.37688039237909265e+02
1.55610864552238183e+02
2.38701096209852182e+02
4.25086611250862006e+02
1.11921640037601279e+02
3.25991748711535934e+02
4.78493746951290973e+02
1.29244439572533679e+02
2.24261813476175121e+02
4.58274683025533591e+02
1.29287390778029732e+02
2.89437926196436138e+02
4.41734752812211582e+02
1.27552297580391695e+02
2.96712949607396240e+02
4.08266780745417918e+02
1.38309221302095153e+02
3.55423997952487184e+02
3.73210984722917090e+02
1.57289620771246632e+02
3.55499394505836392e+02
4.55580996562861458e+02
2.57197787010357217e+02
1.88221216426780956e+02
6.10179016831423951e+02
1.31941512320816173e+02
1.24879470847759492e+02
4.55349278014985146e+02
1.81537396422328897e+02
2.16113325562685333e+02
5.02884146835024353e+02
1.73295092809915616e+02
1.89820760355059917e+02
4.96063893827302707e+02
1.88082071236334173e+02
2.43854034936363945e+02
5.62870771524768088e+02
1.65520352103498965e+02
2.25608876371733714e+02
5.16862964884517737e+02
1.87562120352684076e+02
1.73574914762798443e+02
5.50114938657223320e+02
1.68613893605787098e+02
1.82271167736989781e+02
4.66545643276390024e+02
1.48706520276161513e+02
2.90747836447447980e+02
5.21621314955392904e+02
1.94059490716539955e+02
2.02319194328067653e+02
4.63449248944430963e+02
9.04942635501987809e+01
3.57056487505370740e+02
5.30343228886653719e+02
1.63594373713107700e+02
1.82062397400237842e+02
5.61207260978349836e+02
1.66516996889546306e+02
1.38275742132103915e+02
5.32757437270325795e+02
1.56473360005600171e+02
2.12769202724073722e+02
4.64988863174124106e+02
1.47809714154975808e+02
1.85201422670900286e+02
4.80059670751681836e+02
1.39037129672408156e+02
1.93903199575910179e+02
5.91002767620527038e+02
1.18431891517123447e+02
1.75565340862348677e+02
4.64391662006272952e+02
1.55796669805741459e+02
2.73811668187985504e+02
5.01485600692748051e+02
1.90891062152783093e+02
1.67623337154468430e+02
4.18378316247305179e+02
1.11915677549093374e+02
3.38706006203601248e+02
4.16953139208986556e+02
1.28539500691824458e+02
3.07507360099188929e+02
5.38892660899301745e+02
1.42813513191433998e+02
1.73293825909263887e+02
4.70565368866896506e+02
1.32163452573983960e+02
2.55271178559119249e+02
4.65394103985271670e+02
1.84565669384658435e+02
1.97040226630069327e+02
5.42665568027059408e+02
1.33836070328437756e+02
2.03498361644503177e+02
5.52429576027924099e+02
1.81702042540846122e+02
1.69868381431229324e+02
4.80603965759490109e+02
1.77337451109024443e+02
2.05058583131485562e+02
4.81137004791338143e+02
1.58261704809902966e+02
2.26601290398758692e+02
5.45657128232245327e+02
1.86833811352299733e+02
1.73509060415454201e+02
5.62699698787965531e+02
9.19106398015714632e+01
2.91389661410463077e+02
3.86348035703184735e+02
1.28679526757354495e+02
3.56972437539460486e+02
4.65510160989843257e+02
1.33581650270893135e+02
2.47908188739263437e+02
4.65139985322294876e+02
2.05580515315367677e+02
1.62279499362337248e+02
6.38311351472157753e+02
1.54355956857180075e+02
1.60332691670661916e+02
3.17981693612942991e+02
1.61772894061476649e+02
4.72245412325580617e+02
4.51013801092940014e+02
1.71758906629918044e+02
2.30227292277141743e+02
5.14605515620850611e+02
1.70398299879501309e+02
2.05996184499648649e+02
4.67235310790919129e+02
1.40303795235309195e+02
2.62460893973771590e+02
3.94569231611328235e+02
1.02870387640264354e+02
3.23560380748407226e+02
5.19535483569164626e+02
2.14928835047903505e+02
1.60535681382932040e+02
5.24123958667911097e+02
2.02473606652592451e+02
2.03402434679496110e+02
4.05388274192549602e+02
1.18660907237760995e+02
3.21950818569689091e+02
4.35200933374961949e+02
2.17862717248667991e+02
1.57936349376370458e+02
4.37943417196510723e+02
1.69293026751573223e+02
2.75763556051915543e+02
5.11879148107424953e+02
2.05133536914782923e+02
1.81987314977792380e+02
4.00809684310066814e+02
1.65442588121454463e+02
2.78747727568478695e+02
5.22026712959554061e+02
1.59729757900690373e+02
2.34243529139755850e+02
4.70483626226542185e+02
1.69159355367656104e+02
3.34357018405801455e+02
5.04085392481838085e+02
1.73363360114894789e+02
1.94551247403267354e+02
3.95755992375041160e+02
1.43576622286490220e+02
2.58667385338468932e+02
4.61178476768999872e+02
1.60842732456530598e+02
2.35978790774469331e+02
4.91668130513027791e+02
1.53591823466959369e+02
2.69740046020012926e+02
4.52151790169101730e+02
1.76108676901950332e+02
2.57739532928947597e+02
4.46182138073855867e+02
1.68435149204773069e+02
2.56382712721370638e+02
4.41940669006066855e+02
1.37890483259378186e+02
2.98168847734555357e+02
6.10284959432274832e+02
1.35767896063626523e+02
1.32947144504098787e+02
5.24378329809430397e+02
1.49787937926539939e+02
2.19833732264029294e+02
5.28214686792654788e+02
2.12210666229344440e+02
1.51574646977999635e+02
4.14385177347253659e+02
1.52745076944606552e+02
3.73869745708140101e+02
4.46139897582331173e+02
1.63923000087369189e+02
2.21937102330299837e+02
5.37917007949458480e+02
1.21679764482567109e+02
2.52403227567974454e+02
4.86854447605888367e+02
1.18699427176441702e+02
2.67446125217669362e+02
5.65011621088654579e+02
1.53519853530471750e+02
1.64468525380873189e+02
4.51588367756667367e+02
1.50568921313499601e+02
3.10842710929833061e+02
5.21377387533859405e+02
1.36382991473394839e+02
2.51239620992745643e+02
5.21741928513034622e+02
1.34865856241858239e+02
2.27392215245106428e+02
6.23896779957984677e+02
1.92653957898849285e+02
1.23449262143166663e+02
4.52044494219540297e+02
1.38833374272508536e+02
2.87122131507950940e+02
5.76195480111678080e+02
1.24342694585218524e+02
2.18461825303103552e+02
5.10038145549375827e+02
1.77169621658550085e+02
2.06792232792073548e+02
4.52029082498679827e+02
1.10196374300422178e+02
3.34774543200897767e+02
4.84131659185401020e+02
1.75623603783774513e+02
2.66244737030824581e+02
4.06977329806407965e+02
1.84842919725372298e+02
2.83179750468219822e+02
4.40350537901771077e+02
1.29264037995841392e+02
2.39385424102387333e+02
4.79525928409079938e+02
1.46732714721044573e+02
2.48741356869875688e+02
5.62225369415852924e+02
1.36247075117387823e+02
2.47527555466758884e+02
5.25472512279163197e+02
1.89772629916598646e+02
2.17754857804237560e+02
3.91748129237029843e+02
2.07349411358769146e+02
2.22902459404201437e+02
4.88365065511457033e+02
1.46703635646300057e+02
2.43931298842243365e+02
4.40330787089364890e+02
1.27031701635069680e+02
2.88637511275565259e+02
6.19259771926994404e+02
1.56454915701333107e+02
1.18285312371671878e+02
4.85255482753295723e+02
1.53724648043198869e+02
2.80019869203505152e+02
5.95126080019733081e+02
1.72976679437766961e+02
1.41897240542499588e+02
4.39177514830904613e+02
1.45480239962748243e+02
2.83342245206347741e+02
4.96472182711711071e+02
2.53554448390602516e+02
1.47973368897687152e+02
5.59418104806974384e+02
2.45618268641882793e+02
1.03963626551142994e+02
4.28891552775790672e+02
1.71117726116877151e+02
3.23990721107332206e+02
5.44098124203829002e+02
1.53575241800140361e+02
1.85326633996031177e+02
4.76442435816890793e+02
1.62796366355839154e+02
2.80761197827270223e+02
5.35686607533271399e+02
1.20917601355187529e+02
3.03395791111540689e+02
5.04825164312560901e+02
1.64239055016006319e+02
1.83935780671433008e+02
4.45030118596198406e+02
1.47151367787312921e+02
2.45818513616488787e+02
3.96714724396335100e+02
2.01148482310960333e+02
2.51136793292704084e+02
5.62532723304576848e+02
1.60903844908615469e+02
2.23563431786808025e+02
4.44307256871802622e+02
1.73151523539208881e+02
2.25541219588988298e+02
5.19760788812967121e+02
2.11046657523753282e+02
1.85192553663279682e+02
6.02858682589069531e+02
2.07239369800455449e+02
1.29901947610475929e+02
4.48685337773206300e+02
1.57441849747746630e+02
2.80872812479045876e+02
3.96076493247808799e+02
1.14493854736324820e+02
3.34429652015866452e+02
5.03030319993515036e+02
1.47475577790135219e+02
2.33494102216349688e+02
4.34189126248344792e+02
1.08660272882160683e+02
2.86150600869494326e+02
5.53364263094024295e+02
1.32919662622409078e+02
2.38716074283565888e+02
4.12820313574741476e+02
1.02860595199249445e+02
3.64319091226009391e+02
4.24331507956246639e+02
1.77804669371982897e+02
2.45863822671770492e+02
4.67256046423369185e+02
1.34726527671401897e+02
2.92017425905229402e+02
4.33429150384709487e+02
1.77896601477865943e+02
2.95674248137424854e+02
5.07319759886729400e+02
1.26634063859504423e+02
2.55046176253766220e+02
6.03207883423075941e+02
1.40691583222799039e+02
1.84100533354124991e+02
5.01810526061974429e+02
1.26089511045152847e+02
2.05099962892872753e+02
4.74064357301240761e+02
1.76897736898716829e+02
2.51037905800043120e+02
4.66377683266875181e+02
2.17235829354630312e+02
1.96386487378494735e+02
5.11444161011860103e+02
1.86171452555325970e+02
1.67384386432813841e+02
4.53707927055864047e+02
1.48801300282377923e+02
1.95490772661758399e+02
4.89293279663895191e+02
1.62811012582915026e+02
2.76895707753189811e+02
4.68128521357589875e+02
1.51240901237244685e+02
2.62630577405165013e+02
5.27702630403677631e+02
1.19328052018670235e+02
2.55969317577651935e+02
3.68455816439564728e+02
8.09633100084851378e+01
4.24580873551950788e+02
5.43278926942121984e+02
1.63111081119391031e+02
1.57609991938486985e+02
4.75067488144743209e+02
1.29924942109839208e+02
2.05007569745418380e+02
6.80589522472932231e+02
1.54464668096214268e+02
1.49945809430853586e+02
5.55743302379234478e+02
2.25363456301455102e+02
1.44893241319309368e+02
5.15322867348666364e+02
1.23721654953903993e+02
2.59955477697429842e+02
4.88150698963159584e+02
1.33562795482301709e+02
2.76286505554539133e+02
4.92154023677079465e+02
1.57557998274219045e+02
2.09287978048701291e+02
4.92080496518433222e+02
1.77660240537606171e+02
1.67259262943960266e+02
5.87092343049753708e+02
1.97170999558494970e+02
1.04736657391750825e+02
5.32291076195939922e+02
1.94850137205725815e+02
1.89858786598334547e+02
3.25616854179106952e+02
1.09456304796231976e+02
4.04926841024660348e+02
4.91905775727399600e+02
2.00308898814452192e+02
2.01785325458147895e+02
5.17562267641109088e+02
1.20931886204164670e+02
2.10505846154726640e+02
4.39288854242309753e+02
1.23985907048481494e+02
3.36725238709208497e+02
4.89928025752601059e+02
1.51283781296773753e+02
2.17788192950625415e+02
5.22063043104075746e+02
2.09107650921771381e+02
1.80829305974153073e+02
4.90635668738106972e+02
1.37999531801788919e+02
2.66364799460103882e+02
3.81392932870918344e+02
1.37302236032536655e+02
3.35304831096545115e+02
4.69490929228727623e+02
1.20690416400026407e+02
2.95818654371246282e+02
5.12444216308007071e+02
1.19189201410489801e+02
2.57366582281502588e+02
5.42304957923242114e+02
1.52675067756363916e+02
1.41019974320394482e+02
4.55024595486317025e+02
1.23509692804333554e+02
3.14465711709349648e+02
5.12519909129714733e+02
1.56918667784029765e+02
1.69561423086255587e+02
5.72803724273752891e+02
1.73903138358668571e+02
1.36293137367578510e+02
5.87207008358611802e+02
1.41349220933768493e+02
1.86443770707620303e+02
4.20370277069102997e+02
1.56681085298278106e+02
2.58948637632619068e+02
6.04539398957684057e+02
1.70111613498482797e+02
1.50348987543833346e+02
5.72031723738464734e+02
9.33641812891816443e+01
1.78604094972353721e+02
4.49258127446579238e+02
1.63467664068966059e+02
2.32274208484454761e+02
6.01332345723304684e+02
1.45729992359288815e+02
1.74937661917406160e+02
4.78553067288340685e+02
1.20591102382434613e+02
3.78855830329224375e+02
3.89531462553855249e+02
2.09285733906518146e+02
2.65182803539626775e+02
4.85516291336995266e+02
1.52015806885982499e+02
2.49467901777022291e+02
4.75005572628068137e+02
1.71573034674976839e+02
1.90421392696954854e+02
5.34065039818446849e+02
1.34718498326787341e+02
2.08216461854765640e+02
4.30261390841432785e+02
1.27571530777528949e+02
2.93167078381038721e+02
5.62971304524669790e+02
2.25710133379413662e+02
1.04318562095915723e+02
5.66987824834850016e+02
1.80799720408037700e+02
9.42124547571125390e+01
5.92267274981962714e+02
1.79660362526433488e+02
1.55072362491603258e+02
5.78242077360544044e+02
2.12463445245179543e+02
8.12944773942765977e+01
4.44780897263617476e+02
1.71805784542229731e+02
2.39413318194153391e+02
6.03302389224663330e+02
1.19246640620494006e+02
2.02450970154843247e+02
5.01189712619670956e+02
1.18863464458701557e+02
1.87946822921627330e+02
3.10661255168070511e+02
1.10901206700442714e+02
4.09437538131486519e+02
4.82333911247719186e+02
1.71857163679707384e+02
2.80808925072574255e+02
3.39626969552136075e+02
1.33350970011484662e+02
3.38022060436379206e+02
5.17718141775457184e+02
1.29097772799771917e+02
2.29184085424770927e+02
5.80065511095908960e+02
1.64797534170423745e+02
1.65136954733666983e+02
4.23092189105828481e+02
2.52387796626497789e+02
1.53520014267673730e+02
5.80776182002963992e+02
8.62677066826588259e+01
2.28956111314377296e+02
5.35851596372297536e+02
1.68082854426870853e+02
1.72065549200831214e+02
4.41263103594687266e+02
1.31985313658074659e+02
3.26751582747238388e+02
5.24978940490975560e+02
9.44611403701324264e+01
2.89559919138892553e+02
5.10659408159913198e+02
1.62792501486920003e+02
1.96548090353167254e+02
4.24651568174636338e+02
1.46851306971764387e+02
2.92497124853599416e+02
4.67617690778780172e+02
1.30830596678008504e+02
2.63551712543211579e+02
4.94527008928962118e+02
1.81308872248470607e+02
1.95164118822566877e+02
4.75657457793825472e+02
2.00341785147296576e+02
1.33000757058878179e+02
5.29397358977395129e+02
2.06070725358381651e+02
1.88531915664223305e+02
4.36879805789418697e+02
1.49394377668745676e+02
2.84725816541835627e+02
4.98854499180025641e+02
1.79454914176833455e+02
1.62690586643141273e+02
4.65889302605449416e+02
1.19595186628633073e+02
2.80515510765917156e+02
5.16339573048546981e+02
1.74416794352400728e+02
1.61243632599051949e+02
4.98827015813047524e+02
1.49609512259553384e+02
1.70563471927398950e+02
4.64277802207886054e+02
2.16708607747802574e+02
2.06013590044311485e+02
4.59553685933039105e+02
1.87231961366743263e+02
2.81214352700217148e+02
5.12473449301938899e+02
1.98998377865820601e+02
1.63528172832240557e+02
4.42237337396955866e+02
1.90443566546123577e+02
1.89319096056919904e+02
4.69633914559827474e+02
1.66801549043697918e+02
1.94564536396474864e+02
4.64368354151783308e+02
1.21591003347163252e+02
3.51040642501053753e+02
4.08110354575258953e+02
1.33509116339343450e+02
3.29380529085397711e+02
4.85826668732524809e+02
1.69014430051876502e+02
1.95158901215598519e+02
5.50977585453618644e+02
1.48519624981868418e+02
2.32502789564513677e+02
3.51630204782261046e+02
1.86609811302162996e+02
3.68759983915575901e+02
5.23121954624875002e+02
1.76303028730698799e+02
1.64575016644425460e+02
4.21939614307351576e+02
1.93696808502690715e+02
2.50363577189957510e+02
4.54613376524459966e+02
1.65430121607795172e+02
2.68956501867745033e+02
4.60160392997493886e+02
1.63912038657976467e+02
2.32927568344529590e+02
4.52693545134462113e+02
1.54126560695535744e+02
2.50179894170002058e+02
4.26327992354164337e+02
1.65488136119767233e+02
2.87183871526068970e+02
5.12514647606264816e+02
2.34127100938807416e+02
1.20358251454927967e+02
3.91516218539403894e+02
1.37455618731877337e+02
3.32028162728718712e+02
5.72946385664521699e+02
1.60692744795536839e+02
1.29360869539942655e+02
4.67618207389676741e+02
1.56499014348360561e+02
1.77882778261963011e+02
5.97238438345020199e+02
1.71315117967319452e+02
9.04464436876612865e+01
4.36962755168900003e+02
2.23806819486394318e+02
2.36230425344705537e+02
3.51287610131777456e+02
9.50811954931045591e+01
3.77631194375117161e+02
5.04292018408188937e+02
2.08223016522804699e+02
1.22484965069006265e+02
4.61191784210483718e+02
1.32462647636793179e+02
2.77345568152723160e+02
4.75171378422749513e+02
1.73322298801473977e+02
1.83506322775776454e+02
3.78972966128252267e+02
1.17277489575647365e+02
3.34749544296100851e+02
6.15959048534655949e+02
1.14520869900225634e+02
2.02520081565118943e+02
3.96899952830090911e+02
1.46897464725767094e+02
3.05202582444141740e+02
5.58203370139250183e+02
2.35229262110177729e+02
1.99567367750572544e+02
5.24143767769642750e+02
1.24608286950258545e+02
2.83247945280099202e+02
4.81058269690882128e+02
1.35856205214049993e+02
2.57085525095067794e+02
5.14677517074307502e+02
1.90876005312190557e+02
1.51446477613502253e+02
5.05479768824622397e+02
1.71916943852164508e+02
2.20603287323212669e+02
4.24590455064862851e+02
1.22331215328300459e+02
3.08078329606836746e+02
4.60797836923631223e+02
1.76078974023247355e+02
2.04123189053121223e+02
6.18268570325087239e+02
1.21099341444505328e+02
1.68632088230407220e+02
4.38309422526676030e+02
2.16951908609439243e+02
1.57738668863885351e+02
4.41042863525520772e+02
1.58055028443713411e+02
3.30902108030765703e+02
4.17381147891998467e+02
9.04644319998170943e+01
3.93154420108184866e+02
5.22635117081429144e+02
2.16940820926265246e+02
1.25424061992305681e+02
4.87580838619250926e+02
1.99160964909092513e+02
2.10258196471656049e+02
4.02970680858385492e+02
1.19198590852845413e+02
3.43830728288769194e+02
5.14351521400997171e+02
1.97159594802520076e+02
8.34888837964828241e+01
5.19474591044178055e+02
1.97137695900250293e+02
1.85387713055571595e+02
4.76193700415577837e+02
2.08958857662745970e+02
2.04847441921676307e+02
5.55834435095238405e+02
1.00705617100146981e+02
2.65459947804614842e+02
4.02134874368356861e+02
1.91774860183291793e+02
1.81090265448351147e+02
4.07455376955081590e+02
2.10456748856562314e+02
1.88087874188355812e+02
4.74600497960956147e+02
6.56012334707564406e+01
3.40798268568287256e+02
3.11259684876107542e+02
1.38722010451457294e+02
4.42018304672434681e+02
