2.32221594376049609e+02
7.26577432271922362e+02
4.88200973352027120e+02
2.30823260792002969e+02
7.36593301550948695e+02
4.99583437657048307e+02
2.47743294025270103e+02
7.55617876769891950e+02
5.98638829204836270e+02
2.60922682221215666e+02
9.21832934911645680e+02
3.28244382867140985e+02
3.61251560457283745e+02
7.73924446186265641e+02
3.89823993356450217e+02
2.78593934890455557e+02
7.91966863019802418e+02
4.69439202089742821e+02
1.77433826130942862e+02
8.74173176222137272e+02
5.54392997646919071e+02
1.79525441944164754e+02
8.53871244078195673e+02
4.45603313977640937e+02
1.73608856978629831e+02
8.41977198907340835e+02
4.77413944114030187e+02
1.83246862072474926e+02
7.18493059747040434e+02
5.96260078180484584e+02
2.12210041129955584e+02
8.65037436238092255e+02
4.88752522631951422e+02
1.72345560493326190e+02
7.94455943082638100e+02
4.88198496424034659e+02
3.52427142832264963e+02
7.84585842873809156e+02
4.44987014293925711e+02
1.87391566354262039e+02
7.86146709971564746e+02
4.97461723674171594e+02
2.63599464992449782e+02
7.86802660118797121e+02
4.51597874888752813e+02
1.79792570746972444e+02
7.90425949868359112e+02
4.30781479384667932e+02
2.98713737317962568e+02
7.83413025830524361e+02
3.67873236851513411e+02
2.32596566181513111e+02
7.96799542023679919e+02
5.00603891794806941e+02
2.78812821241753170e+02
9.20135378461693335e+02
4.61051800296554802e+02
2.71880556447555421e+02
7.93161810478558550e+02
4.10957633073885916e+02
2.92998641422988783e+02
7.54849583835776116e+02
4.66151774741234647e+02
2.35270757831958065e+02
7.18480799532815126e+02
5.09248442635226297e+02
2.72214279724297342e+02
6.95885914265001816e+02
5.11899806010700786e+02
2.43064224388360003e+02
8.04895604015465892e+02
5.04040171596173650e+02
2.02002628068309491e+02
7.18062136439273900e+02
5.59935235492418428e+02
1.65864608549996433e+02
9.60456337601855466e+02
4.27679053848148499e+02
1.60559521341755527e+02
8.11847644813701208e+02
4.36592833844543009e+02
2.92159872966867681e+02
8.03223124254501045e+02
4.58617002778631559e+02
2.75822386604899634e+02
7.08022987632133322e+02
4.95154625762967555e+02
2.74256873604856253e+02
7.46196743721789517e+02
4.22546382673356050e+02
2.54702374815901237e+02
7.77483927709092200e+02
4.01813697475006677e+02
1.69187640366723713e+02
9.19948342437999031e+02
4.73864017195276858e+02
1.71368766599552458e+02
8.90367311364569105e+02
4.72263922035876362e+02
2.93921128553756034e+02
7.98580630252453489e+02
3.92498241193791387e+02
3.95936001933162913e+02
8.19989849715417222e+02
3.59074148351420092e+02
2.61324056152952267e+02
7.36891334699294021e+02
3.96784609147754509e+02
1.96728122762249058e+02
7.94633583041791894e+02
4.16638294195958565e+02
2.12348231913104314e+02
8.67471327951292665e+02
4.16180440135602453e+02
1.83492494038145480e+02
9.03017449124581731e+02
4.29490056837271595e+02
2.86051034440277022e+02
7.77386081352036172e+02
3.96562884207686864e+02
2.59787441444017304e+02
8.24400775023689903e+02
4.77811783532292793e+02
1.97550242832777855e+02
8.93573834197455994e+02
4.19875922969768851e+02
2.14024138641736727e+02
8.54786646668094136e+02
4.79189214690168114e+02
2.87381922354728658e+02
7.77892953969941232e+02
4.03725123675329542e+02
2.35860457223990011e+02
8.50454655623376880e+02
4.02684887152633792e+02
2.21632928837680993e+02
9.14327455135559489e+02
4.09039616026761450e+02
3.07734369377325550e+02
7.27052159081074819e+02
3.31213471541598267e+02
1.88627295991522146e+02
9.53375546054214169e+02
3.86997157954263059e+02
1.81183961667661833e+02
8.90965121196571658e+02
3.53850917135764973e+02
1.76603602926157549e+02
8.52676770105135802e+02
4.84719626968704745e+02
2.19227213476132619e+02
6.34296301414971708e+02
4.78476485108896668e+02
2.92135553464072984e+02
7.95432544132087514e+02
3.57431902403839103e+02
3.03462052092701356e+02
7.61771138090789577e+02
4.94766809816509692e+02
3.16239732410883903e+02
6.74294269967605032e+02
4.47465997621512088e+02
2.84508221987210618e+02
8.18173580893478743e+02
4.48318197119311435e+02
2.85788598224747545e+02
6.67317687148072650e+02
5.50893714627178269e+02
2.87634328318883718e+02
8.48203345362974460e+02
4.73162326318142050e+02
2.38593928644313763e+02
1.00600027516952537e+03
3.22405796186159876e+02
2.53723895486622666e+02
8.82374092132317742e+02
4.35902012381060501e+02
2.44863726760370383e+02
7.08967159229941217e+02
5.47169114009686496e+02
2.53580480816388842e+02
7.13547542128203986e+02
4.95871977055407910e+02
2.56397762078411745e+02
7.72490377001089428e+02
4.08111860920498373e+02
3.80243793449701229e+02
7.84462674483610272e+02
4.15293532066687987e+02
2.27140379011614897e+02
7.56833650938530354e+02
4.43025970049855005e+02
2.58066204896699048e+02
9.83528361442981236e+02
3.60405433660319545e+02
1.48292274414004197e+02
8.10571915638480505e+02
5.07135809947515838e+02
3.02411136903743625e+02
8.15149390567400701e+02
4.19439472528856015e+02
2.22186143514318928e+02
9.33327810908597485e+02
3.94486045577084383e+02
1.98195800619854282e+02
9.58814983124754235e+02
4.19989216255392250e+02
1.98311907661428336e+02
8.35609954008650334e+02
5.91078138329920307e+02
3.23197145067093857e+02
6.66221679899695118e+02
4.55581175033209888e+02
2.00804141157921862e+02
8.47816881749409959e+02
4.15378977092668379e+02
1.95382418314661464e+02
8.36510767997702146e+02
3.50106813687635338e+02
2.21758497987735637e+02
8.30035702077049223e+02
4.81205799935214486e+02
2.13577618698900324e+02
7.96249850500085699e+02
4.61172530801014261e+02
3.34991190412112928e+02
7.91068061442074850e+02
3.32940748145813075e+02
1.94255571825578983e+02
8.23048568046930086e+02
4.65695860127490789e+02
1.42029588370010487e+02
8.68207553721632280e+02
4.20762857908358285e+02
2.15170225772577169e+02
8.42668779920449083e+02
4.12160994306975283e+02
2.14085675818788673e+02
7.32150403623757370e+02
4.34763920557454867e+02
3.16757220926993455e+02
7.16784301461109521e+02
4.07458477611898161e+02
1.30948315245762927e+02
1.00387951985802670e+03
4.65172164896211882e+02
2.28964403510766175e+02
8.63031315311505637e+02
4.19004281177728728e+02
2.34010525016369996e+02
8.32061597784429637e+02
5.38927877199201021e+02
2.60736098540534215e+02
8.53699696323732269e+02
5.01564205135734198e+02
2.91366733275256422e+02
8.26870055475983690e+02
3.22763211248758694e+02
1.59591491968566572e+02
9.22215815859137820e+02
4.44192692172297370e+02
3.00980118402386324e+02
7.91598226535660615e+02
4.28421655061953800e+02
2.59482498962124055e+02
7.34464218286645973e+02
4.10053282751229574e+02
2.28278478809742154e+02
8.45436100686241844e+02
5.10285420504014837e+02
2.48638384543745900e+02
7.54431961489898185e+02
5.04929653966357648e+02
1.89332049570424942e+02
9.45801394204168673e+02
3.67866556225405418e+02
1.89747613575469870e+02
7.92845922646068743e+02
4.77406463778461386e+02
2.12200013154728623e+02
8.58647006961970305e+02
4.50152979883302862e+02
2.05988505577847519e+02
9.06022586943300780e+02
4.33988907478853946e+02
2.15129904974319828e+02
7.96402025864426037e+02
5.02468069161253311e+02
3.16912830974893836e+02
7.26282549891047779e+02
4.41804619134058044e+02
3.60324458222717112e+02
6.81983546961814909e+02
4.14691994815467694e+02
2.72525172389346722e+02
6.87445021710525452e+02
4.63029805900127656e+02
2.13374054141047338e+02
8.29788561121516295e+02
3.70837384737437560e+02
2.82296617653911255e+02
8.32411935511252409e+02
3.44291446834838041e+02
1.52904379897096646e+02
8.45433801634723181e+02
4.35661818468180229e+02
3.19243980509910728e+02
7.73945365352039403e+02
4.91810654138049415e+02
3.14366009804435123e+02
8.47753306579768946e+02
3.74880683615795192e+02
3.15641818528311319e+02
7.06449095299834994e+02
4.62909086171853914e+02
2.70382299687012278e+02
8.12120224987149072e+02
4.34497475325839048e+02
4.25490000707153570e+02
8.71413351301268449e+02
4.04096647991577299e+02
2.56331351947879455e+02
6.81164002563157169e+02
4.72504645488964002e+02
2.48241266374029891e+02
6.77077553600891406e+02
4.40681180025077651e+02
1.74477622228561188e+02
7.51122333043076310e+02
5.50400044728362786e+02
2.18491261792272951e+02
8.98944180014596782e+02
4.46564558193130495e+02
2.21110274064417212e+02
7.37752542685796129e+02
4.39137183249787370e+02
2.24461371162112528e+02
9.20139129409282077e+02
4.82399499428605623e+02
2.79007341128577536e+02
7.57208986999979174e+02
5.06783671871444710e+02
2.36270314549845523e+02
9.90901167494035690e+02
3.05828517956118674e+02
2.26307434100324514e+02
7.82966122977457871e+02
4.40726442922217359e+02
2.49760664575141504e+02
8.39435548883485694e+02
4.60803786541372403e+02
3.56620271752830774e+02
8.02646649767453482e+02
3.14733078479715573e+02
2.91238935654065187e+02
8.34645379501849902e+02
3.70115684844086218e+02
1.96797121029260694e+02
6.64557009603361735e+02
4.98645869367377827e+02
2.75341452467978741e+02
8.77491546237191642e+02
4.10167001294828708e+02
2.20692551445935777e+02
7.78646706147770146e+02
5.26660742406292911e+02
2.24194139359878534e+02
8.37230554498447304e+02
3.59575306141672627e+02
1.90267780334907229e+02
8.34821299499339489e+02
5.42910920165752600e+02
2.38728980582002947e+02
8.04282836845515021e+02
4.07988182572481662e+02
2.66885393978399804e+02
7.74203761824843241e+02
4.68910844196756670e+02
1.70481704481578959e+02
8.96607259644124611e+02
4.08911035874297170e+02
2.63261054632404637e+02
7.48348676561603270e+02
4.16390268805991639e+02
2.67600615539080934e+02
7.36213491092880759e+02
4.49185893368038762e+02
3.69257798104586016e+02
7.68215472042301030e+02
4.14526729853113068e+02
2.63993039077522042e+02
8.88474125462697089e+02
4.40532835459781040e+02
3.82735590923048676e+02
7.89314291254336467e+02
4.13950117822614914e+02
2.62154945411042036e+02
8.69827091642653500e+02
3.66017962946305033e+02
2.76505700494463724e+02
8.20055543965892298e+02
3.91438755539644944e+02
1.95752483011164685e+02
7.70027391972024475e+02
4.32220125016810925e+02
2.82797332582325737e+02
7.48611654423559798e+02
4.35591012994114294e+02
2.11778688822875949e+02
8.00042988383792135e+02
4.94178322793331631e+02
2.47562190992771008e+02
8.44454946439301011e+02
4.09982862567928805e+02
2.90273663435525691e+02
7.40693128324483723e+02
5.64033208239988426e+02
2.04771197170045866e+02
8.25052217558837583e+02
5.06176585271117347e+02
2.05683669744789967e+02
9.82201145110270431e+02
4.39115185144940028e+02
2.09952391244423126e+02
8.26789892126943982e+02
4.60257716628632124e+02
2.22759200310720530e+02
8.61853762896368607e+02
4.32387036792912795e+02
1.29469576508485574e+02
8.67445806686271567e+02
4.97084616805243002e+02
2.97926047679994440e+02
8.16791315288936516e+02
3.38282637031068361e+02
2.02883059337067920e+02
9.43438299448267799e+02
4.05678641214663742e+02
2.63415471195935709e+02
7.71455862799523629e+02
4.15128666004542026e+02
2.10903094771909849e+02
7.92916675312342818e+02
4.78180229915748839e+02
2.45228121796712315e+02
7.37467894989543765e+02
4.58303983213743891e+02
2.56385497933913371e+02
7.24904675010797405e+02
4.69709827055289509e+02
1.82537211383349984e+02
8.14273836269625008e+02
4.45188952347025861e+02
2.33088551798254940e+02
8.75647841879653811e+02
4.93263606322090823e+02
2.61774539251321016e+02
8.09563400623871871e+02
3.80662060124807510e+02
3.66150980213473304e+02
8.54943426428905923e+02
3.56905593357621456e+02
1.86855402763920381e+02
9.44608401905287451e+02
4.06536195330791372e+02
2.82852901325775576e+02
8.92562857712254413e+02
3.87584240961970806e+02
1.95712056798450249e+02
8.39929015419074972e+02
3.79358927782475291e+02
2.52579575827808014e+02
8.30129368229513716e+02
4.05291055942678042e+02
2.79099188336756470e+02
8.53194725606252064e+02
3.25706086056991012e+02
2.34784690820552697e+02
7.64884112316994106e+02
3.91331196862451293e+02
2.52996691894723142e+02
8.50336483759559201e+02
4.08666824345717316e+02
2.77225310291281744e+02
7.45445192790011561e+02
4.96329496918706468e+02
2.51378513786331894e+02
7.71879170640296138e+02
4.24742315573371798e+02
2.17999036497237114e+02
8.23162864046846494e+02
4.02838099455915824e+02
3.14676193580498193e+02
8.32592999106215530e+02
3.50730807313285823e+02
3.06879569232000392e+02
8.12635458221529461e+02
4.32484972546469919e+02
3.30228006963554435e+02
7.38122376771685595e+02
4.61649616264758436e+02
2.69550173660737983e+02
6.73533467348723661e+02
5.52916358990539948e+02
1.99265688623620747e+02
9.53159418349737621e+02
3.73574893026643110e+02
1.51800029195083511e+02
9.11823211880747294e+02
4.20376758924169337e+02
2.17345345726342487e+02
8.85892874392859426e+02
4.21761779880798088e+02
1.74549852722735977e+02
8.70076581833292948e+02
4.98373565443971074e+02
2.62809528703104036e+02
8.12084376993847741e+02
4.07106094303047541e+02
1.95314453966716314e+02
8.17239363290235701e+02
5.28446182743048098e+02
2.93923281551451510e+02
7.82701959602404486e+02
4.04374758846144630e+02
2.49983747794879264e+02
7.71388684633801859e+02
3.67627567571317229e+02
2.77269245833358241e+02
7.24332636115546734e+02
4.96398118051095651e+02
2.85401641248316992e+02
8.18284339564605943e+02
3.45314019187076553e+02
2.89607812055587090e+02
8.37434462282957725e+02
3.53957725661454276e+02
2.31761908839449603e+02
7.86362121682784391e+02
4.61875969477765750e+02
2.24239486588052557e+02
8.54233944543152688e+02
4.75526568868794527e+02
2.14565697853138914e+02
8.88111320719424612e+02
4.36322981427434286e+02
2.01524461719791361e+02
8.71847607359504877e+02
4.75627930920701260e+02
2.05962613535109540e+02
8.39287439548781322e+02
4.54749946916109138e+02
2.97344351145658095e+02
7.92296560250531911e+02
4.50359088603809539e+02
2.16800106749074956e+02
8.11975679368743613e+02
3.74224213882181175e+02
1.92612272085502525e+02
8.42963074559838901e+02
4.67424653354657096e+02
1.98963299208331506e+02
7.93408539607777470e+02
4.49628161183889915e+02
2.42338621774866709e+02
5.95979100495767966e+02
5.66682277729364728e+02
2.54564788792398446e+02
7.20112533062377793e+02
5.02322678145224472e+02
3.25191013661371301e+02
6.97040615276028575e+02
3.92768371062601204e+02
2.62777755318226980e+02
8.06853512074410560e+02
4.78368732607363711e+02
2.86450443417574206e+02
9.24510543010176661e+02
3.99039013572249814e+02
2.58540492195463457e+02
7.00152572724632364e+02
5.01306935079904576e+02
2.24488629380675576e+02
7.36952151667896032e+02
4.84559218951430694e+02
2.14371097336022814e+02
7.46220514926638430e+02
5.38408387737339694e+02
2.60801830674269752e+02
6.66749018021351503e+02
5.35449151304379370e+02
2.33387022022764938e+02
8.61294153423047533e+02
4.43318824554187813e+02
2.24559835987696545e+02
8.52593541452108298e+02
3.78846622560195271e+02
2.16425311287910631e+02
8.94410498638633726e+02
4.39164190073456155e+02
3.59005775567598334e+02
8.03489282968461225e+02
3.99504941463940668e+02
1.20116405970177652e+02
7.73850753797032439e+02
5.04032840232792523e+02
2.24930832407549389e+02
8.74048962278695967e+02
4.30020205313755071e+02
1.76177652829279879e+02
7.74901281793634780e+02
5.38921065377085711e+02
2.14196979895333072e+02
6.90491347674674444e+02
5.09311672429992484e+02
2.80243018894871966e+02
8.13956822057780641e+02
4.01800159047346256e+02
2.42040184161099774e+02
8.40008501422890163e+02
4.75951314416011655e+02
2.20009924371016467e+02
9.34267241849673269e+02
4.50722833779310520e+02
3.20143082867843646e+02
7.90565558900240489e+02
4.22291358231915183e+02
3.06535090606850872e+02
8.53120399809438595e+02
4.39344509583711726e+02
2.01276930199089378e+02
8.52789884342544156e+02
4.25933185458366211e+02
2.72910760584886077e+02
8.30814180530773001e+02
3.83275058884341604e+02
3.31856666896954039e+02
8.59610839119348498e+02
3.45532493983698600e+02
2.54108141054197915e+02
8.05065526772674389e+02
4.76826332173130595e+02
2.43876934596546675e+02
7.56654035564974606e+02
5.84469029838478150e+02
1.85059845982025394e+02
8.06671173978741763e+02
4.24268980039233270e+02
4.12660372864673491e+02
7.85690319806554612e+02
3.32649307328773659e+02
2.51086640483800267e+02
8.68436992717133421e+02
4.15476366799067250e+02
1.89271980705589982e+02
8.83645024634446372e+02
4.81082994659963504e+02
3.75705936214376834e+02
8.10507444991145917e+02
3.31786618794475714e+02
2.60061443223397816e+02
7.24109823770416710e+02
4.38828733006186155e+02
1.70178975546059860e+02
8.65050357543449422e+02
5.35770666910491400e+02
2.70491605419871405e+02
6.90262471345708832e+02
4.58245923234420218e+02
1.47391757470472925e+02
8.52452919560544615e+02
4.54155322968983114e+02
3.25789803938283228e+02
7.57419597294558685e+02
3.89790598767158258e+02
1.93569032524114760e+02
8.13225319295153440e+02
3.18205648180731600e+02
3.70664185072265639e+02
7.44879698505701981e+02
4.03456116422032210e+02
1.61372392549470220e+02
8.79975936764350649e+02
4.47651670686178022e+02
3.12137581204194532e+02
8.02343209833762444e+02
3.90519208962043876e+02
1.95178444170112471e+02
8.19745419881179032e+02
5.25076135948705883e+02
2.78431932496212369e+02
7.73010525830332426e+02
4.42557541673454978e+02
1.30785367298035851e+02
8.95506138630509668e+02
4.98708494071454311e+02
2.65134802282834471e+02
9.25550086239970369e+02
3.06315111477194478e+02
1.70552840214922099e+02
8.81293936094127957e+02
4.40153223690950938e+02
2.58139377938093844e+02
8.61913406196590813e+02
4.22947215865315172e+02
1.87745267295386810e+02
9.36427643286431817e+02
4.45827089418183334e+02
2.61606429573795651e+02
7.91946930346992986e+02
3.96446640079210169e+02
2.36794251727025085e+02
7.62895849518682667e+02
5.16309898754292931e+02
1.92000031000264045e+02
7.88896811636014149e+02
4.52103157363721550e+02
2.93944382849086026e+02
7.88195539684633445e+02
4.16860077466280757e+02
3.09761693436808571e+02
8.47145920849432628e+02
4.25092385713760052e+02
1.72425983380615236e+02
8.34909810306236636e+02
4.33664206313147702e+02
1.75511651610751471e+02
8.29764821030011376e+02
4.73723527359235675e+02
3.00940033561614655e+02
7.08897792410167767e+02
4.77162174028216555e+02
2.08376673693862188e+02
9.43934373477501595e+02
4.34688952828635536e+02
2.60508000189944028e+02
9.30867637416142543e+02
3.28624362393914964e+02
3.08072987543460158e+02
7.65592604820472161e+02
3.96334407636067681e+02
2.35262261791201894e+02
7.76311360531945638e+02
4.79426377676853349e+02
2.49012827049488493e+02
9.35144798960512958e+02
3.50842373989996361e+02
2.66890009093162462e+02
7.90352249673417077e+02
4.01757741233420234e+02
2.02420645084129518e+02
7.84066207132832233e+02
4.30513147783038562e+02
2.35457832340144023e+02
7.88672056380711751e+02
5.05870111279143885e+02
3.87463582012756376e+02
7.36332404079536900e+02
4.13204013907705189e+02
1.93263373607435852e+02
8.69829863640233157e+02
3.84906762752330565e+02
2.06585218835627387e+02
7.54928262296435264e+02
4.75486518867937320e+02
1.74081670434051460e+02
8.13636356962303125e+02
5.02281972603646409e+02
1.89625115373639204e+02
8.74908601164604988e+02
4.32466283461755381e+02
2.61842421366227768e+02
7.25306245118863785e+02
4.23851333514908731e+02
2.21891756877771655e+02
8.09991471991744447e+02
3.89116771130484437e+02
1.72859762826387652e+02
7.95351058623024869e+02
4.91789178550588531e+02
2.43590875771501146e+02
9.54350235252975949e+02
3.51058888975521313e+02
2.15697209813451479e+02
9.62583472977416818e+02
3.55719317209131702e+02
2.44113570920345211e+02
7.44194457850427966e+02
4.65691971229227534e+02
2.36979770868735585e+02
7.67956038781188454e+02
5.15064190350075933e+02
2.03333226051843496e+02
9.49524870190270235e+02
3.72141903757884734e+02
1.71735970625074629e+02
9.89127453057912135e+02
4.41136576317014146e+02
2.29513266356152371e+02
7.45085802736849132e+02
4.26400930906998383e+02
2.71002815127272470e+02
8.10826384084924939e+02
3.98170800787802420e+02
2.36612009927801608e+02
8.20592284999063281e+02
4.72795705073134968e+02
2.82569158138751334e+02
8.10734218665974481e+02
3.59696623195274071e+02
2.04001646884129030e+02
8.64624885754919205e+02
4.74373467360952134e+02
3.06777824496068547e+02
7.73497061467912090e+02
4.36725114036020784e+02
3.20113900281303188e+02
7.33094763950458855e+02
5.29791335768239037e+02
2.67146032060358323e+02
8.82706719510405264e+02
3.63147248429237095e+02
2.11966995887642412e+02
7.83286215656919239e+02
4.79746788455437752e+02
1.90383503780946171e+02
9.64984283605619112e+02
4.20632212613433865e+02
1.19952913005447897e+02
7.99400493308801629e+02
5.33646593685751668e+02
1.76555655405989768e+02
7.74473694157300542e+02
4.39970650436709434e+02
3.41655925634373489e+02
7.28609541267788245e+02
3.71734533097838437e+02
2.58037116061366419e+02
8.30715041660410748e+02
4.13247842278222151e+02
3.20285910390651964e+02
8.63958558162414874e+02
4.52755531446932991e+02
2.75364557056189994e+02
7.26372100092273740e+02
4.52263342851535526e+02
2.59407047988071213e+02
7.69533351618177903e+02
4.80059600393750657e+02
2.03768503061019061e+02
8.40943158662905944e+02
5.30288338276073773e+02
1.91095005946365887e+02
8.76628685790619329e+02
4.65276308263014357e+02
3.50406533233474136e+02
7.93081551249780546e+02
4.00511915516746853e+02
2.66523778648506493e+02
8.13467897805467032e+02
3.74008323546025792e+02
2.38927276967198168e+02
9.24099353039904713e+02
4.71973369992896380e+02
2.52128540793623699e+02
7.09571810885431091e+02
5.20299648320945266e+02
1.79933037760385929e+02
9.59787200133214469e+02
4.83279762106399687e+02
1.70345891584569159e+02
8.64058815353547402e+02
4.35595293061883126e+02
1.57577929214990746e+02
8.66396949187602900e+02
5.66025121597406383e+02
1.94524611891134185e+02
7.49630562166925301e+02
6.32844825941941053e+02
2.59458681865056917e+02
8.44076543879693418e+02
3.60464774255251257e+02
1.91743750616616239e+02
9.56717563069482367e+02
4.03538686313902645e+02
3.19906552428052692e+02
6.72964585353048165e+02
5.28128862218900395e+02
2.81764389595488694e+02
8.74533172764914980e+02
3.95702437639597008e+02
1.83990474090379564e+02
8.49250057848307733e+02
4.54759468061312873e+02
2.66368816325397688e+02
9.33401316908373929e+02
3.94229866766229577e+02
2.14937109058565056e+02
8.71990611269387500e+02
4.74072279672047557e+02
1.47181042190594894e+02
9.37783903482918390e+02
4.05035054326487113e+02
2.26841002390779352e+02
8.66589510206493969e+02
4.74569487402726907e+02
3.65124792720376036e+02
7.90062061475796440e+02
4.31813145803827638e+02
1.79847674397633710e+02
8.52954976132575439e+02
4.91197349469791902e+02
3.08077144595619529e+02
8.21266193172678754e+02
3.97656662231701773e+02
2.47835482606587135e+02
8.06755488977066079e+02
4.18409028416346700e+02
2.36151218554666912e+02
7.88000999602719389e+02
5.04847781842613017e+02
2.19376032661114266e+02
7.91024805921306097e+02
4.45599161417580149e+02
2.76593432108455829e+02
8.14821598715737423e+02
4.09584969175807601e+02
2.64648254809602804e+02
8.84904475520789674e+02
3.63447269669606328e+02
2.89870799463984270e+02
7.81513999595037603e+02
3.77615200940978298e+02
2.55862771084704036e+02
9.03247269626559273e+02
4.33889959288736577e+02
2.41704916198244490e+02
8.48474673159118083e+02
3.59820410642637341e+02
3.34339442833192834e+02
8.03904087321120983e+02
3.58756469845687150e+02
2.56615625582179860e+02
7.75726305977269362e+02
4.10658068440551062e+02
1.76642037225860037e+02
8.05198887439970690e+02
4.11159075334168506e+02
2.75372890628404832e+02
7.90468860168841275e+02
5.05158249202754178e+02
2.19616873760740333e+02
8.47583826098317104e+02
4.19799300140944581e+02
3.42882114686987848e+02
6.92100506937810451e+02
3.98017378375202611e+02
1.97618634865915851e+02
8.77955526114819577e+02
4.82425839019264345e+02
2.95927137405950589e+02
7.93325284657383463e+02
4.66747577936666460e+02
1.89216837298022512e+02
8.43187435358805146e+02
5.48595727343170438e+02
1.65958394397494601e+02
9.40426566735230836e+02
3.98615038867275302e+02
1.75514101941519726e+02
8.91507041843175216e+02
4.18978856215305882e+02
1.52305650269657207e+02
8.50350737251894429e+02
3.77343612478449415e+02
2.11646636102488344e+02
7.00181008748020645e+02
4.59172355149492944e+02
2.23783669747157973e+02
8.31806939475176250e+02
5.46409390777663702e+02
2.28376904113419897e+02
7.74627989950260940e+02
5.20995105936321011e+02
2.65978275400650773e+02
8.18736228655675177e+02
4.60285495943674164e+02
2.04643252569538021e+02
8.28138566303122730e+02
5.00218181127340131e+02
2.04069026984144244e+02
9.17943496832078722e+02
4.45987476183776948e+02
2.48407017889181418e+02
8.52044176538093552e+02
3.91548805572724802e+02
2.43923793655636103e+02
8.48445858345987745e+02
4.38630347998378056e+02
4.27020799536229219e+02
1.46687974521309229e+02
9.67291225942460642e+02
4.08728806118906903e+02
2.23158965858907777e+02
8.94112228022184809e+02
4.06272484918622183e+02
2.81169240177313270e+02
6.96558274904065684e+02
4.68162727145220231e+02
1.22775299077187185e+02
7.95061973777591561e+02
5.07879640144951111e+02
2.34360010906765240e+02
6.37760348948284332e+02
4.04452086141650568e+02
2.42422309373596647e+02
7.90125604484754831e+02
4.51641199943363802e+02
2.47008583739497197e+02
8.52350216317140053e+02
3.69193642226082545e+02
1.80124604401917651e+02
8.72681753371999434e+02
4.94557430596491145e+02
1.78240149577353918e+02
7.85202419826154596e+02
5.62828354872986893e+02
1.58987467243356548e+02
8.03184177883655934e+02
3.63727064325664401e+02
1.76563535346458309e+02
9.16709400327877006e+02
4.99258534020227728e+02
1.96439039329673591e+02
7.88302426650098027e+02
4.90737390657620438e+02
1.93339831048576229e+02
1.02792277829380464e+03
4.94079612725864990e+02
2.98703071361421053e+02
7.75217315912715321e+02
4.16856447252478176e+02
2.43769979002345082e+02
7.90373573745176714e+02
4.95550564065989533e+02
2.36679018651286697e+02
7.37770417282725703e+02
6.08688563164220682e+02
2.23626371591013282e+02
6.73685065244767429e+02
4.85963912386799848e+02
2.75818306638243030e+02
6.51217780974956781e+02
3.60720012298177323e+02
3.28534718571288181e+02
9.27745269130535121e+02
2.63677071806041397e+02
2.18016489538280894e+02
9.27306438655678676e+02
4.46510555633367062e+02
2.29714084118437796e+02
7.60775360248194829e+02
5.73936204379166611e+02
2.20135915396418596e+02
7.41927880224414480e+02
4.61056555455646389e+02
1.92999807619938963e+02
7.43943636924413340e+02
4.57122754188174156e+02
2.64282974191839514e+02
8.02594271619987580e+02
5.92699594436857751e+02
1.72774966720071944e+02
7.96525438843069992e+02
3.62225753158362920e+02
2.22443317665446784e+02
9.47330929176189784e+02
5.58665157536336437e+02
1.28538402831037246e+02
7.52796439632626289e+02
3.72094959979067653e+02
1.65911803629240495e+02
9.10993236391692108e+02
4.00051264870569980e+02
2.95034109458189846e+02
8.83914625671240174e+02
4.35563010933000157e+02
1.99248808132968890e+02
8.28188180934030811e+02
4.53006846917523035e+02
2.66174966175086354e+02
7.23818186907392374e+02
4.10515203802609278e+02
2.46822089727675035e+02
8.09662706469715545e+02
3.96785166038583895e+02
2.64370511092637571e+02
7.17844322868779500e+02
3.68787314298374270e+02
2.25547434847993543e+02
7.93665250853632642e+02
3.80140725240566837e+02
3.49667349021515122e+02
7.93191925737919178e+02
5.29706488510536360e+02
2.02724881709854941e+02
6.91568629779609523e+02
4.37062728860633399e+02
2.36744074296684431e+02
9.10193196842681232e+02
4.25747920378476692e+02
2.39812375982505216e+02
8.76439703639018717e+02
4.39211876195449065e+02
2.50010994209779170e+02
8.46777129594771736e+02
4.59964154181719664e+02
2.39531780697007832e+02
7.32504065121273129e+02
4.35468862799579426e+02
2.21065969821395839e+02
7.92465167379024479e+02
3.81412972244491812e+02
2.21433966795391285e+02
8.75153060960116818e+02
3.35430563526668493e+02
1.55487445976037719e+02
9.56081990497294896e+02
3.88463134969370060e+02
1.90401639953986290e+02
8.23135225076643451e+02
3.70331808553850692e+02
2.61591543962979301e+02
8.32076647483170404e+02
5.42685883205968594e+02
1.71784214080036321e+02
8.36529902713994488e+02
5.14888863169471506e+02
2.20479855249568715e+02
8.13631281580959580e+02
4.80704251095995346e+02
1.78307979473754045e+02
7.32987769430248250e+02
4.96468229509778610e+02
2.66988346310582301e+02
7.59543424179638919e+02
4.01873849706346618e+02
3.05574376356049697e+02
7.70551773937603571e+02
4.32672895592590066e+02
2.65940357389291933e+02
6.62386747018117262e+02
4.41062109598597885e+02
1.44920589311064930e+02
9.42017301090337128e+02
4.11485844368874325e+02
2.37809939071039366e+02
7.43704216560086138e+02
3.81330196645115279e+02
3.15286501257760733e+02
7.96383302097124442e+02
4.73921257974692764e+02
2.29494594058259423e+02
7.69584147967047784e+02
4.66495596842520570e+02
2.16181124328627703e+02
7.53323278828850903e+02
5.39355920222890404e+02
2.44293906134080316e+02
7.51350173643029279e+02
3.62219571634817214e+02
1.77787483878696889e+02
9.23992944486485953e+02
5.81679448091243444e+02
2.24729924715050686e+02
6.90590627193706723e+02
5.05877682089511495e+02
1.69043672326315289e+02
8.01078645584173273e+02
4.69645060292143967e+02
1.38043893540317811e+02
8.55311046167541008e+02
4.16923289853382414e+02
2.30956238602472297e+02
8.45120471544144493e+02
5.60057454355098571e+02
1.74042105481085798e+02
6.89900440163815688e+02
4.60116290167145564e+02
1.79239234027250774e+02
7.51644475805603861e+02
3.83127417627901082e+02
2.06766760378958367e+02
8.70105821993139216e+02
4.42935660014266716e+02
1.65289324042225815e+02
8.59775015943507583e+02
4.96314273379929716e+02
2.02191472442394371e+02
7.40494254177675998e+02
3.85604701783757150e+02
2.38797325416829949e+02
7.51597972799413583e+02
4.44218444922432298e+02
2.12895435417024629e+02
8.80886119660544182e+02
3.55420326733518209e+02
2.78465624129842240e+02
7.52114049136638641e+02
3.51527202061087962e+02
2.03426891501146997e+02
9.05045906437764756e+02
4.63983140177534381e+02
2.40836287680855861e+02
7.43180572141608650e+02
6.35038925712121909e+02
1.59407728079100480e+02
6.17553346208778748e+02
5.09370531780711929e+02
1.72906393285075893e+02
7.86723074934212036e+02
5.01032873332264103e+02
3.81943703151359784e+02
5.89023423516375942e+02
4.58068491093087061e+02
2.10686930301375554e+02
8.24244578605537072e+02
4.61326656022306963e+02
1.98326257011187721e+02
8.68347086966504207e+02
4.52153899925451128e+02
2.20969402285281461e+02
7.73876697789267155e+02
4.98288400262993775e+02
2.12493212982883307e+02
8.54218386754121752e+02
3.12327356265916706e+02
2.51213531809504985e+02
9.19459111924577769e+02
5.58367040917422514e+02
1.70809183670087890e+02
8.85823775412489340e+02
5.34160912684573191e+02
2.48778826217861592e+02
6.69060261097564080e+02
3.00979197229157364e+02
2.92426478152856419e+02
8.28594324617987468e+02
3.80662234626009763e+02
2.86723654512575877e+02
8.86614110861414360e+02
4.39843775149300825e+02
1.88312765953176040e+02
7.80843458897523874e+02
3.97322886868422131e+02
2.15480985352428320e+02
7.76196127779149606e+02
5.26489584918950300e+02
1.45225569044584461e+02
7.84284846036465524e+02
4.70996139420923157e+02
1.39757726687517447e+02
8.51246133891558202e+02
4.05728680368932316e+02
2.04830458639688004e+02
6.99440860991379509e+02
3.87064023381652021e+02
2.08614581653225912e+02
7.95321394965121840e+02
4.80689303521913871e+02
2.94766327738330233e+02
6.65544368739756578e+02
3.77167306753255673e+02
2.95112221058382374e+02
7.35720472188360304e+02
4.66611079551192972e+02
2.27210181939660998e+02
7.07178738509146342e+02
4.51597618735890080e+02
2.19847541721602624e+02
8.07554839542508262e+02
4.44852201911944860e+02
2.06237775855902839e+02
8.72910022232152073e+02
3.59908887537907049e+02
2.13182192650327551e+02
8.77908919811765486e+02
4.16049344169389258e+02
2.10337264024697276e+02
7.74613391805914603e+02
3.40010808914440759e+02
2.75646179236517753e+02
7.98343011849042796e+02
3.31223247793533233e+02
2.63439957020103293e+02
9.48336795186363361e+02
4.23005520918835543e+02
1.79705189636770712e+02
8.17289289444393489e+02
4.90475176584287851e+02
2.40779462138576179e+02
7.76745361277135657e+02
3.70281882931058817e+02
2.56081088376444427e+02
7.94637028692496187e+02
4.49197924823617996e+02
1.86709330211405103e+02
8.69092744964975623e+02
4.89554860124761433e+02
2.17099996858411657e+02
7.60345143016826796e+02
5.49690110362860310e+02
1.96329022682231141e+02
8.57980866954909288e+02
3.99969161448473415e+02
2.39480969914574729e+02
8.82549868636952169e+02
4.54509199960645503e+02
1.86823278296493498e+02
8.01667521742861140e+02
4.34321030661244265e+02
2.09748692447348844e+02
8.12930276891406720e+02
4.20817835175788673e+02
2.28623014966430986e+02
8.15559149857782245e+02
4.35761152273505729e+02
2.98832805303001805e+02
7.91406042423492750e+02
3.56012963310773159e+02
2.66971244679577751e+02
9.02015792009648862e+02
4.52148616316793436e+02
2.51010068750523544e+02
6.78841314932681712e+02
6.15219975421024060e+02
1.92130982893316457e+02
6.47649041685659427e+02
3.78726777859839160e+02
3.54933801207582746e+02
6.46339420932576786e+02
4.12292788499053813e+02
1.95736546618672122e+02
8.55970664882274491e+02
5.48048017015432492e+02
1.73239098237448957e+02
8.73712884747119574e+02
4.30395745328821590e+02
2.84007597784482357e+02
7.38596656886696792e+02
4.65811032982854101e+02
2.50188835823156069e+02
8.83000131193990228e+02
4.51025409514548244e+02
1.60565616322866788e+02
8.86408974162584855e+02
4.87141832244579405e+02
2.26678855598875714e+02
7.81179312156543688e+02
4.93567242313471127e+02
2.31269265595195179e+02
6.96163492091334319e+02
4.05427876741976888e+02
2.18987992518686184e+02
8.30584130739336388e+02
5.08122315417657376e+02
2.35570282821499944e+02
7.56307401760842936e+02
4.87588552036207034e+02
2.68388276053950449e+02
7.02023171909841608e+02
4.76330034453872543e+02
1.93816606827972947e+02
8.49853358718155278e+02
5.60109751190006023e+02
1.68148004081737355e+02
7.16742244728256651e+02
4.14507139935080659e+02
2.39849359280603863e+02
7.79643500784314256e+02
4.30487723935311521e+02
2.99335396309129862e+02
8.29176879755557820e+02
4.72090816702459733e+02
2.29310134611543560e+02
7.92599048685996991e+02
3.97505182198011141e+02
2.19099708745149997e+02
8.48395109056840056e+02
4.13364942764118382e+02
2.53651130925028184e+02
9.03983926310851643e+02
6.11275375640229981e+02
1.71780717503757614e+02
6.69943906856015019e+02
3.26222238296789556e+02
2.05131769658387640e+02
8.63645992044823970e+02
3.78143254648489972e+02
2.20090630393285778e+02
8.77766114958224421e+02
5.30596498445287466e+02
2.46598712148864280e+02
7.64804789405850784e+02
4.03536155570141545e+02
2.18317439039988216e+02
9.16146405389869301e+02
4.14368226271433457e+02
2.59270766550836925e+02
7.40361007177731153e+02
3.90684332951334568e+02
1.91511057887416712e+02
8.82804609161247981e+02
4.77028464070253222e+02
2.30742629986183175e+02
8.60228905943562722e+02
4.32290914275413286e+02
2.87444139120515501e+02
6.50264946604070587e+02
4.92926876614068988e+02
2.18047752830912032e+02
8.24025370555019208e+02
3.98749525430247672e+02
2.12841112192892439e+02
7.71409362376858667e+02
5.49060211246129938e+02
2.78391804397829276e+02
6.74547984356039706e+02
5.47869433630141771e+02
1.40250953575475734e+02
7.49879612794380819e+02
3.65142459677654585e+02
1.81480798939269732e+02
9.23376741383074886e+02
5.36132098368375523e+02
1.83967764680321096e+02
7.02900136951302670e+02
4.83081638627042878e+02
2.88338840825300849e+02
7.45579520547656898e+02
3.59540632385163519e+02
3.34572147062720660e+02
7.72887220552114741e+02
4.74068887823896830e+02
1.64942215621147113e+02
7.40988896554956909e+02
4.90022507726168669e+02
2.57811879050199479e+02
7.42165613223631794e+02
4.17293652170337737e+02
3.53360621690363189e+02
7.64345726139300609e+02
4.68330013858379743e+02
2.85675693548966819e+02
7.82994292592652187e+02
4.95621584125879849e+02
1.84796676543217728e+02
7.73581739330902565e+02
4.22565717829593382e+02
2.94902996227136100e+02
7.56531285943271428e+02
4.90327239225090182e+02
2.18263985247489074e+02
7.72408775527422335e+02
4.71937073511676260e+02
2.29552453590257102e+02
8.28510472898067292e+02
4.36608131043180549e+02
2.82675166099278954e+02
7.70716702857539758e+02
3.92998721454816803e+02
3.68966492466499346e+02
6.39034786078683510e+02
4.32244512384399172e+02
1.68132203871169708e+02
8.56623283744431319e+02
4.74297109133455763e+02
2.36982438549724066e+02
7.06720452316818410e+02
3.99693827211833366e+02
1.87256457000646577e+02
8.75049715787519744e+02
4.43270998154628217e+02
2.09319584807496454e+02
7.70409417037875073e+02
4.53819712553160855e+02
2.08406859419251077e+02
6.47773428027588011e+02
4.43526758422543935e+02
2.79252949767863186e+02
8.07220291809592595e+02
4.39850880592044177e+02
1.41015065450241309e+02
8.24134053957713945e+02
3.50681425436016752e+02
2.43095602291706939e+02
8.36222972272275683e+02
5.47797781416181010e+02
2.38787554881745848e+02
6.41414663702074563e+02
4.25041845655589668e+02
2.06256576578397244e+02
8.33701577766012065e+02
4.62132387516063659e+02
2.11337712762805381e+02
7.23529899721130278e+02
4.48390432683325457e+02
3.07085955158298191e+02
7.02523612158375954e+02
4.32842462725875578e+02
2.94546091686593229e+02
8.03611445587530852e+02
5.61198265259776349e+02
2.02947921766821082e+02
8.23853812973399613e+02
4.18102132038675961e+02
2.16974456503629085e+02
7.65923411457695238e+02
4.27895530073552891e+02
2.26538809415481467e+02
7.66565660510965472e+02
4.14078692383790099e+02
2.72923464989746094e+02
7.58997842626463921e+02
4.16469843526194154e+02
1.97111556589426272e+02
8.81418599884380569e+02
3.41773181466949666e+02
2.44351709505384150e+02
8.82875109027667236e+02
3.43991049833109230e+02
2.45771930819877213e+02
8.14237019347012506e+02
3.52865214624082455e+02
2.32538260656804113e+02
7.52596524719113404e+02
3.86560293968174449e+02
3.14936074081388142e+02
6.92503631950437125e+02
4.41888382372111209e+02
3.33017159726363218e+02
8.26094457901525061e+02
5.06121732803216332e+02
2.25427349326856614e+02
7.45450917869926457e+02
5.03974831426005608e+02
2.48114852411717266e+02
7.22910316162277695e+02
4.52200188287060030e+02
2.51127447337225874e+02
7.30672364375715119e+02
4.60853790415563140e+02
2.65799455391804997e+02
7.48346754192631579e+02
4.06935521152793683e+02
1.78847045880922224e+02
7.93217432966284491e+02
4.80058971732112809e+02
2.16687174293158478e+02
7.94253853974727349e+02
4.98058664301787417e+02
2.10352569965973089e+02
7.27588765732240404e+02
5.23580126805064879e+02
2.28940298425604254e+02
6.37479574769330839e+02
5.20756842858683513e+02
3.30286520201122755e+02
6.72956636940193221e+02
4.31776402503304155e+02
2.15449479661142760e+02
8.29774117835552829e+02
3.65567023978989710e+02
2.26887710252239003e+02
9.63545265768769582e+02
4.28334766133436574e+02
1.73920600947461509e+02
8.74744632919102628e+02
5.81388615878087876e+02
1.74924701877099352e+02
7.03686682244812573e+02
4.34898901642652561e+02
2.53214647118661702e+02
7.50886451238686163e+02
4.61561509402599427e+02
1.36986378735583173e+02
7.77452111861818480e+02
3.89144937390378345e+02
2.44452034375651436e+02
8.15403028233968143e+02
4.88151258645609914e+02
2.79773939638757042e+02
8.58074801715633498e+02
3.69632127848075584e+02
3.17756191149615006e+02
7.63611681002309069e+02
4.04127863940011650e+02
1.54549424814300522e+02
8.07322711245687060e+02
4.25501421104625138e+02
1.88651140941931885e+02
8.35847437953442977e+02
4.97531405034053307e+02
1.85502125448853150e+02
7.88966469517094083e+02
4.37999120118982717e+02
2.47523619580688859e+02
7.96477260300326975e+02
4.27538984010874628e+02
1.64412352703595303e+02
8.53048663285529528e+02
3.98655199976029678e+02
2.71687445595245322e+02
8.46657354428724034e+02
3.42256977007237595e+02
2.47126783594006469e+02
9.68616239398755738e+02
4.68332157078253033e+02
1.83034366134165168e+02
8.23633476787581571e+02
4.54985202013632602e+02
2.54577234477762119e+02
6.85437563508604740e+02
4.21558442892521384e+02
2.47567523331933643e+02
6.45874033775546422e+02
5.85649941655737848e+02
2.75133852571242073e+02
6.97216205773019510e+02
4.62204477230170994e+02
2.79604472642605799e+02
7.37191050127222638e+02
4.61306147367984238e+02
1.74815154566267069e+02
9.03878698065747358e+02
4.08924692680302826e+02
1.95844893473741820e+02
8.65230413845956491e+02
5.43079007412420196e+02
2.18408716238744290e+02
6.57512276348836735e+02
4.60520040964640486e+02
2.43696865218249400e+02
7.51783093817110057e+02
3.85019937978901851e+02
2.74367204760172228e+02
7.20612857260927512e+02
4.72214742584191242e+02
2.52659829171959899e+02
8.41125428243848773e+02
4.61062539639218699e+02
2.53181125205921262e+02
7.65756335154858789e+02
4.04234270644262892e+02
2.28731090270741419e+02
8.22034639084993387e+02
4.96068150860204469e+02
2.43976799996381914e+02
7.61955049143413248e+02
4.76171553221696001e+02
2.51229913475643372e+02
8.22598533302659121e+02
4.67820528485104830e+02
2.67517408887193710e+02
7.87662062627703335e+02
3.61342519448726478e+02
2.44110290397938854e+02
8.60547190153334100e+02
5.31743920813662157e+02
1.91189092734676024e+02
7.07066986451660796e+02
4.13935511692039086e+02
2.40243601448319311e+02
7.77820886859640154e+02
3.97445872017840088e+02
1.74673443412494919e+02
9.02880684569664936e+02
3.74329183356927331e+02
2.27922086775498116e+02
8.02748729867575435e+02
3.50833310174218582e+02
2.03470801605491516e+02
9.00695888220290499e+02
4.80371872224627282e+02
2.39252451157620243e+02
7.35375676617751765e+02
3.27336878044200716e+02
2.69451855310635779e+02
9.81211266645162823e+02
5.11288933009462482e+02
1.47759771793087737e+02
7.53951295197448303e+02
4.77332544509527850e+02
2.29662047689004737e+02
7.84005407801466959e+02
4.55870440552514822e+02
2.60857605980410199e+02
8.18271953467075946e+02
4.38959873209423847e+02
2.16176991826616870e+02
7.82863134963959965e+02
4.03698521747398217e+02
2.55769569387698169e+02
9.26531908864903812e+02
3.86616379000322240e+02
1.84428227412074222e+02
9.40955393587602657e+02
4.29829515649295388e+02
3.00942459813224048e+02
7.72228024537482270e+02
4.21070082006828727e+02
2.66569654892243364e+02
8.45360263100927341e+02
4.30170137857063025e+02
2.08962982075823788e+02
7.98866880067112220e+02
3.05266215587099282e+02
2.75902581035510252e+02
9.29831203377390239e+02
4.41894935211057089e+02
2.62848277103492308e+02
7.58256787685452309e+02
5.07025281985986339e+02
1.76383493638881106e+02
8.60591224375130878e+02
4.17258459019081499e+02
2.53619304663313812e+02
8.31122236317606053e+02
4.74211294914852090e+02
2.76591124076453639e+02
7.20197581008694669e+02
4.12109875324467282e+02
2.71241628750461985e+02
8.81648495925071416e+02
4.77413784388073850e+02
1.91123425128753354e+02
7.47462790483172853e+02
5.37597092154294842e+02
2.33372423829465845e+02
6.35030484016239939e+02
3.99948209671983193e+02
2.76585052098682468e+02
7.93466738229334624e+02
3.51090295427482658e+02
2.35946980580982995e+02
8.33962723991534403e+02
4.38028209182353123e+02
2.51810241953531175e+02
9.20161548864116412e+02
4.44874186934828572e+02
2.15121040768112579e+02
7.71004772297058821e+02
4.63254861232005624e+02
2.38569025072745347e+02
8.13176113695248659e+02
4.04823207545707078e+02
2.16076334521315459e+02
8.50100457932977179e+02
5.21565845480523762e+02
1.89778061091615228e+02
7.37656093427860469e+02
4.27778586014865539e+02
2.41073070549487142e+02
7.78148343435646666e+02
4.76020753492668803e+02
2.29676662445090926e+02
7.45302584062240953e+02
3.48578374844028474e+02
2.33830702570822808e+02
8.29590922585148178e+02
4.52157195872893453e+02
2.44865041411375103e+02
7.38977762715732410e+02
3.58401698558363023e+02
2.63314134131474589e+02
7.77284167310163184e+02
5.22326225496660300e+02
2.44028729124370727e+02
8.17645045378969257e+02
3.52326250579888608e+02
2.46733193437086413e+02
8.18940555983025888e+02
4.13080200719656887e+02
2.40472056944298771e+02
7.45447742336043234e+02
4.28862513670919611e+02
1.77217007731473217e+02
7.20920478597605552e+02
3.91815972066927088e+02
2.51232375699228413e+02
8.77951652233843333e+02
4.00793242162672300e+02
2.38111495516849828e+02
8.67095262320477559e+02
4.06126555035477054e+02
1.35431983978506395e+02
9.27441460986016068e+02
5.38372844529594772e+02
1.62941447076318667e+02
7.28685708394086419e+02
5.32679168188559970e+02
1.49541418629998788e+02
7.44779413181442123e+02
4.81004809665332175e+02
2.47081003382868033e+02
7.20914186951800389e+02
3.02758989605175486e+02
2.27002897182039874e+02
8.41238113212784924e+02
5.49944833641133869e+02
2.13550243128108576e+02
8.39504923230758095e+02
4.10406881411588927e+02
2.41708314709567247e+02
8.14884803878843968e+02
4.37150094401887259e+02
1.81944109790591597e+02
6.76905795807520917e+02
2.96333123719215735e+02
1.97566859753928611e+02
9.01100016526855029e+02
3.48461674564547934e+02
2.30472916609227269e+02
8.51065408826223688e+02
5.79058421039020800e+02
2.69128842747808733e+02
7.85812736213171206e+02
4.97796596947313105e+02
2.51453312702928571e+02
7.75750090349758693e+02
4.13675229713171120e+02
2.62179150883367527e+02
8.64145619403460955e+02
4.03581670793617377e+02
1.87943394721220130e+02
8.87474934485163317e+02
4.52631832160905333e+02
2.66817514322639624e+02
7.48550653516455554e+02
4.52107729115395557e+02
3.00976633611702709e+02
7.90915637272901677e+02
5.76172392962681784e+02
2.34075960435251403e+02
6.43751646602066103e+02
4.61433723692132617e+02
2.70927521892732443e+02
6.50638754415134713e+02
5.96910732334735485e+02
2.13121501053619369e+02
6.00967766611643810e+02
5.26691646184669594e+02
2.00766839607543204e+02
8.27541514207787372e+02
4.42292696110209874e+02
1.77492027630208298e+02
8.79215276259581742e+02
3.22462995104426966e+02
2.77431133925650784e+02
8.28105870969922648e+02
4.17326652220027029e+02
2.70002147608612859e+02
7.89671200171360510e+02
4.49831458075218052e+02
2.78714954656428290e+02
6.83453587268354113e+02
3.93738757888954979e+02
2.93967681659867310e+02
6.95293560451179246e+02
3.52564322966552538e+02
1.62295253833711513e+02
9.73140423199736460e+02
4.92037510387340490e+02
1.97446147132933419e+02
8.30516342479726859e+02
3.40921314483764093e+02
3.00967258343518722e+02
7.98111427172717981e+02
4.69666121213519034e+02
1.54162690282503661e+02
8.40171188503977078e+02
5.40472466094616948e+02
1.54571373336275826e+02
7.28956160569106714e+02
3.99132759937473168e+02
2.51961671217964835e+02
7.68905568844562254e+02
3.81651219836636187e+02
2.03205171174458286e+02
8.99143608988905498e+02
4.48052145143738016e+02
2.01925492315427618e+02
9.00022362540834024e+02
5.61632895349897126e+02
2.02227481049761934e+02
6.78139623600340656e+02
4.64256322023892892e+02
2.25893253578492789e+02
8.29850424397614347e+02
3.79965547837930956e+02
2.03326245987818055e+02
8.25708206174250336e+02
3.02364828415580121e+02
2.63340861405767896e+02
9.98294310178651585e+02
2.67389825071852840e+02
3.46319735623720646e+02
8.00290439304425490e+02
3.60714672366406546e+02
2.34147821474314298e+02
8.51137506159279837e+02
4.39513545021811069e+02
2.10621310560027183e+02
8.79865144418161321e+02
4.65351768624464626e+02
1.60603224764008615e+02
8.92045006611526787e+02
4.94324745835853378e+02
2.20854202876938501e+02
7.90821051287207979e+02
5.51586270526520593e+02
2.54998795963812739e+02
7.91414933509666525e+02
3.78185885910784350e+02
3.23560439205656280e+02
7.36253674883559029e+02
4.14084819507588691e+02
2.80969738399788582e+02
7.33945442092622102e+02
3.75776095788136274e+02
1.95332567201215397e+02
7.88891337010647135e+02
4.50980519551274540e+02
1.37382911807444401e+02
7.59636568641280405e+02
5.30790318631772493e+02
2.10443449844729685e+02
6.92766231523497481e+02
3.84065212348766124e+02
2.85607103111184756e+02
8.37327684540049177e+02
4.62034228776933844e+02
2.13300566052181523e+02
8.00665205170884519e+02
4.21782139513161383e+02
2.72257334984624492e+02
7.49960525502215432e+02
3.53024072984678469e+02
2.27214908668731653e+02
8.96761018346589367e+02
4.27480292175392208e+02
2.29917124760979192e+02
7.54602583063627776e+02
4.67183235501683384e+02
2.80371673074261139e+02
7.44445091424055136e+02
4.81052174655516694e+02
3.13155974577415464e+02
6.34791850767068581e+02
4.87336017862346978e+02
2.20513362047321237e+02
8.50150620090332268e+02
4.91006681713053410e+02
1.28427093363627904e+02
8.66566224923317463e+02
4.20320339158597335e+02
2.45398203906320703e+02
7.96281456935082815e+02
4.88049844240619905e+02
2.57389152837820347e+02
6.23561002921559066e+02
4.50817350260785474e+02
1.77015011393353461e+02
8.74167638345860269e+02
3.53144069757502734e+02
2.15223125501779606e+02
8.94632804740718143e+02
4.52345065047845424e+02
2.06240373863311447e+02
8.86414561088843811e+02
3.50186021196576462e+02
2.57363394366117234e+02
8.92450584437306816e+02
5.42577599100876228e+02
2.01816793156865145e+02
7.10605607742256666e+02
5.26753237126922613e+02
2.01085357633404556e+02
7.79161405239672604e+02
3.37235296194595037e+02
2.27165863682167100e+02
9.30598840123238915e+02
4.85401582161337217e+02
1.85461097783708880e+02
8.54137320054954102e+02
4.90720021807549813e+02
1.50780189701252510e+02
8.67499788491196000e+02
5.73769009473923120e+02
2.59668207516640621e+02
7.15562783009436544e+02
7.22546770536788244e+02
5.94116782002345190e+02
2.06336447460866566e+02
8.26712354827895524e+02
4.83316202370469910e+02
2.31971442801633884e+02
6.69946467888341886e+02
5.30609184609205386e+02
2.13444347502452359e+02
7.90605153531014480e+02
4.82054748370829600e+02
2.93340098098155693e+02
8.41056074466982977e+02
5.17505815177648060e+02
1.51438110355370327e+02
6.90662934408279284e+02
6.29568452782385066e+02
2.12768612809334343e+02
5.88114747151790084e+02
6.27021113143706202e+02
3.32864139704503032e+02
6.68858657063814007e+02
5.46943771620327880e+02
3.40197571315858738e+02
8.94638976606785832e+02
5.25452951649426723e+02
1.71908071743786877e+02
8.06406826285814191e+02
4.64043181913037984e+02
2.92549991801148849e+02
7.66630046336861938e+02
5.46108215900156097e+02
2.84261737762982307e+02
6.86767500270051301e+02
4.52625197512422289e+02
2.39607302217525643e+02
6.92339017208960968e+02
4.47076182615580933e+02
2.74584800175459520e+02
7.27983746833685359e+02
5.61033747342328184e+02
2.23982505823986031e+02
8.08711209668622928e+02
3.92434448250469018e+02
2.56854342080910101e+02
7.35521769598096398e+02
4.99901688642684235e+02
2.60576541759217889e+02
8.00869152911160882e+02
3.54359576892553605e+02
1.94771270196284036e+02
7.75772462448158308e+02
3.69513668304930434e+02
2.14713869246911486e+02
5.83902316700127926e+02
6.00285208284239047e+02
2.98812475015633311e+02
8.87047490567690602e+02
4.42995424020898440e+02
2.60957085411410276e+02
6.77192583593600261e+02
5.88945673345717978e+02
3.46861743060682215e+02
7.34575228794032455e+02
4.89011945650523046e+02
2.42412825555444641e+02
6.40508032540679778e+02
5.89884526348629834e+02
2.07607441110690900e+02
8.27530572699728964e+02
4.44233938328066131e+02
2.93235488972204735e+02
7.13566656002891023e+02
4.96268560115846014e+02
2.15164783881265663e+02
8.70111557694861631e+02
4.11351746279031829e+02
1.67536696026108075e+02
8.24550332757573528e+02
3.67562673726076298e+02
2.16886993516351083e+02
8.94950000473855198e+02
4.66226095144867202e+02
1.96823904381276293e+02
7.33151125338764700e+02
4.89992849838130837e+02
3.03856024823105315e+02
6.63252272770232366e+02
4.38262562476250366e+02
2.74485164753518461e+02
9.02537269353425472e+02
4.87908844832920011e+02
1.92553885813654148e+02
7.23938621722518292e+02
5.11053796763469904e+02
2.96007581514010781e+02
7.88932120301021428e+02
5.51977609904790370e+02
2.11090269794187577e+02
7.29521520768466303e+02
5.47247745673457644e+02
2.35230733558075855e+02
6.84358808852286984e+02
4.82183396109667910e+02
2.51457795038045333e+02
7.75859662181389695e+02
4.82125184363498022e+02
1.67015153455113108e+02
6.28017816028849666e+02
5.78891515934632594e+02
2.55090668036517485e+02
6.86312384904568148e+02
5.00357666941796367e+02
1.86329948153635542e+02
6.47037972741750195e+02
5.40075226921241324e+02
2.60886800337007514e+02
8.06118874550205078e+02
4.86697290538348511e+02
2.19183834911446866e+02
7.00332674362007197e+02
5.36092072985255754e+02
2.81575252652737561e+02
9.41615904283427653e+02
4.46200728098110517e+02
1.98183367618462682e+02
8.25989620574209084e+02
4.15932448421015863e+02
2.15077931004774513e+02
9.56509057934874136e+02
4.97045489352285244e+02
1.87445452712840563e+02
7.86923588001768167e+02
5.28025069711410652e+02
2.82051342286821125e+02
7.76775851114893840e+02
4.91002733690362788e+02
2.48221415194744139e+02
6.47685666039617217e+02
5.44847344623851541e+02
3.17466989336528968e+02
8.13656918656285711e+02
6.12926369183483644e+02
1.88416712160230190e+02
8.53890430566278496e+02
4.70603907109997408e+02
1.35505662323725318e+02
8.20245071813901518e+02
5.03426728817196590e+02
2.64328199368903256e+02
7.07937144688277499e+02
5.54760549313907973e+02
1.11302305997815282e+02
6.94435271351180404e+02
5.06927055548689793e+02
2.02637673100128382e+02
6.64875263616791585e+02
4.08140007680463668e+02
2.38984728702744235e+02
7.46719645516118817e+02
5.17887287664707287e+02
3.03393066819171736e+02
8.56820564302859111e+02
4.47979472973515215e+02
2.27199962723627976e+02
8.40839094644423312e+02
3.19917034013852799e+02
2.39243871341723491e+02
9.12086675561796596e+02
3.89408110970753398e+02
1.93505213467449806e+02
6.97046310188690086e+02
6.09596658428219030e+02
2.14357031383090913e+02
8.80897644362092137e+02
3.34552763595192346e+02
1.89549592042715119e+02
8.64505036947464987e+02
4.77043671834894667e+02
1.92451291217641028e+02
6.34215463639287577e+02
6.41224936260519371e+02
2.00559600100191773e+02
9.06084690530704961e+02
3.87738045028821261e+02
2.52177264440475454e+02
7.40352823600827605e+02
5.07254040470833218e+02
2.37393135928339063e+02
6.69805121301939266e+02
5.06918982957832327e+02
3.20275895740227384e+02
8.47633997518536717e+02
5.03885102464472425e+02
2.07480900016991910e+02
6.98669713404020968e+02
5.05212686162301850e+02
2.96117600433676841e+02
7.87678371372722722e+02
5.07655142288800107e+02
2.06666486338477654e+02
6.55325281477810904e+02
6.41342651393717460e+02
2.57332067128469532e+02
7.05947336852502644e+02
4.80425844651538569e+02
2.85626818495957878e+02
8.61738762597625851e+02
4.02272575966113436e+02
2.56988661436260315e+02
8.32567964993595638e+02
4.90514890084288254e+02
2.35917144922116080e+02
7.22846951297674423e+02
5.13304026378722256e+02
3.27849022323604117e+02
7.89229578638349494e+02
5.40679227628776061e+02
2.45091193732876917e+02
8.46373589402554785e+02
4.48324954758597073e+02
2.05301455838847602e+02
7.19408210403051044e+02
5.36477709462435882e+02
2.05114080134513557e+02
8.40896257101751644e+02
4.67132548047694286e+02
1.97971194850553587e+02
7.65837814360611105e+02
4.62119030138301184e+02
2.66043155501087085e+02
7.40403987892150781e+02
3.82465760558033139e+02
2.49130251549815910e+02
6.82704487663214877e+02
5.21887583881092041e+02
3.06407928455692797e+02
6.80875792898618329e+02
4.63140513574684007e+02
3.53983693526696925e+02
6.72063794153590948e+02
5.74806109325152647e+02
3.60130096521256576e+02
7.49658499696456602e+02
4.93249032714742725e+02
2.23092467588801412e+02
6.33850873448920879e+02
5.39529600681100533e+02
3.04619525869977849e+02
7.68304759505796824e+02
4.83827476124148234e+02
2.12867764370054687e+02
7.58787934749460874e+02
4.52105233018901913e+02
2.40106832231636332e+02
8.61306419947255222e+02
4.37367126624595301e+02
1.71326453428148739e+02
7.11664088322376870e+02
5.55498877367712680e+02
2.60837034309909200e+02
7.00832173281526593e+02
4.65419813790051592e+02
2.52748012928421019e+02
8.09396675394031377e+02
4.94180067764520800e+02
2.28423256841446744e+02
8.00595073659989566e+02
4.58114769572065200e+02
3.10290156767945462e+02
7.51821499010839375e+02
4.81268962203702699e+02
2.91909538785456903e+02
8.58710126024999340e+02
5.14519890941006338e+02
2.21769983033995686e+02
7.12560709131874546e+02
6.45840406180325544e+02
2.38598884687798090e+02
8.03199215085478158e+02
4.30910460902360569e+02
2.80890324012162125e+02
7.66234781212065855e+02
4.59784790230267390e+02
2.42980428557666130e+02
6.72716821160617656e+02
5.58361334960541285e+02
2.07921843878839610e+02
7.18830396859522466e+02
5.22937040376732284e+02
2.41232562763745847e+02
8.49132229907125520e+02
4.47639794425042339e+02
2.01227975667833903e+02
9.03943045605785869e+02
5.00252884137295155e+02
1.87804070256918919e+02
6.63729222294340161e+02
5.25451150845930329e+02
2.08819626859730448e+02
6.92620198934662426e+02
4.94402641023047579e+02
2.55977160042288830e+02
6.92529774986108919e+02
6.09358757211150078e+02
1.99111467802742112e+02
6.28969228740876133e+02
6.07882382364708633e+02
2.08148388894415973e+02
7.57931578210020120e+02
5.30464433280186768e+02
2.39603988509793425e+02
8.14543520603481625e+02
4.85687303061349780e+02
2.67769176335169163e+02
8.24287088048691430e+02
5.21454436298475798e+02
1.91258475652833113e+02
7.83255812982207090e+02
4.52516118017601571e+02
2.74228069000191169e+02
7.85840970738939404e+02
5.05752983063700526e+02
2.03406046197361604e+02
7.71117400884342032e+02
3.12028237926475811e+02
2.73854361189182669e+02
7.18450188083092144e+02
5.39172685301740216e+02
2.53377126615167668e+02
8.64799590864665333e+02
3.95871571698759908e+02
1.78328837436574048e+02
8.44635404507665044e+02
4.51049533045594671e+02
2.16315062446740683e+02
8.50534504814746697e+02
4.07662562055035437e+02
1.76802933130217667e+02
8.05854864626618451e+02
4.28818766490490987e+02
2.84326368882889426e+02
7.08844562282172888e+02
6.01968690623473321e+02
2.70186747094355098e+02
6.99325665154069839e+02
5.58833097590095463e+02
2.86841237255834187e+02
7.72359155907403647e+02
5.06153306039674533e+02
1.99487538052921025e+02
6.23093096695971326e+02
4.48524399809194506e+02
3.14382503494834737e+02
8.24789554497342124e+02
4.71274334878436491e+02
2.35936110624220220e+02
7.88783947592560367e+02
4.09133114186911712e+02
1.83082938220529286e+02
8.34677289000531232e+02
6.31718628261786989e+02
1.50604082737681495e+02
7.72342687899469411e+02
4.35452024015085669e+02
2.69205288085445488e+02
7.59702769733910259e+02
5.25033811840343105e+02
2.79263418425745840e+02
8.60877100794232092e+02
3.94334823254237733e+02
1.68788075951530288e+02
8.73531443456280499e+02
4.37105716529966742e+02
1.73362840013751935e+02
9.39694309662055844e+02
3.74436792964011886e+02
2.68868897373931986e+02
7.73619318020751166e+02
4.94458817842389749e+02
2.02921864136859739e+02
8.63721904394284252e+02
4.30139287550274844e+02
1.85138808055440080e+02
6.41039664921597023e+02
5.99877768043531091e+02
2.68082567034873364e+02
6.38960864644995695e+02
4.38084713803384034e+02
2.95954421551620669e+02
8.36799807688153578e+02
4.13314217318681870e+02
1.95885974993164780e+02
6.73784592052919038e+02
5.17456223076464312e+02
2.24759184870617105e+02
7.69066224269931126e+02
4.59895530137971662e+02
2.29038245592098576e+02
7.13489477017560034e+02
5.96107711740877676e+02
2.58402811241562063e+02
7.54285116380877867e+02
5.30039764181483179e+02
1.93675119437640035e+02
9.67023870159071976e+02
5.66723628500929294e+02
2.44252501339998958e+02
7.10342340346539459e+02
5.51561046628350368e+02
2.69096613025110344e+02
8.67600136796870515e+02
3.28133751771394259e+02
2.90266111431735169e+02
7.18973703249440064e+02
4.64224280515972509e+02
2.37802016234587001e+02
9.06587361454813390e+02
4.86171625874043457e+02
2.60241012671143267e+02
7.41014118711825404e+02
5.49246079849766943e+02
1.84739801438407483e+02
7.92702209237326770e+02
4.87606324580677267e+02
2.76691466181995054e+02
7.97784890439514243e+02
5.04081616879552769e+02
2.27133492680933614e+02
8.48890284333223008e+02
5.01602875933827249e+02
2.39506839732948919e+02
7.66419738445857320e+02
4.39904749393342740e+02
2.18675512160800054e+02
8.70779002162391180e+02
3.42510577710534164e+02
1.87710420127075253e+02
8.14535376779833427e+02
5.60843337055667007e+02
1.84621286164501214e+02
7.27054152316543650e+02
4.65900773397034811e+02
2.82045074286420686e+02
9.12404643702135900e+02
4.33483988040389818e+02
2.62111368257473657e+02
6.61936955257092336e+02
5.37347830522519303e+02
2.49715214220387963e+02
7.64000005585677286e+02
5.02876551205133296e+02
2.54123443209188622e+02
8.26717410226198581e+02
5.54074764659240600e+02
2.00207825114562496e+02
9.39160776424976689e+02
3.42542467287752345e+02
2.53296756287270227e+02
8.35407428325877049e+02
3.76742696244514434e+02
2.61849875429608858e+02
6.91439414797162044e+02
6.25970601466889320e+02
1.20589983735948877e+02
9.58459156691808744e+02
3.76313013431644265e+02
2.14227829876546394e+02
8.63924369756323927e+02
3.45428777951200004e+02
1.59646852292475415e+02
8.00828119668658474e+02
5.06380928511934314e+02
2.31790951819408264e+02
7.56034270117044571e+02
4.98044290558567127e+02
2.62921439324388359e+02
8.30845051186168007e+02
4.66363144685427017e+02
1.75791804128405431e+02
8.59642863358498971e+02
6.33836584530208825e+02
1.54520552111293313e+02
7.18254059523507294e+02
5.57951084107764927e+02
2.55794856368729370e+02
6.31566391611714380e+02
4.63425373329451929e+02
2.63008235058833691e+02
7.86133911521938444e+02
5.43392666406796366e+02
2.54473422071264338e+02
7.00518191555383737e+02
5.54475113754136146e+02
2.27006694690479435e+02
7.46967133743404929e+02
5.54526115163521126e+02
2.32506751093074286e+02
7.52670190163255825e+02
5.54310640635974210e+02
2.22019169200769682e+02
6.74171451259075639e+02
5.54163544531175148e+02
2.30665004209748929e+02
8.89915626414196367e+02
4.31176358558280015e+02
2.56908015027522765e+02
6.64388745719542271e+02
5.25107639608075601e+02
2.39503614672382838e+02
7.92759789722738105e+02
4.93789545523596473e+02
2.24450664753666217e+02
8.19630643906589057e+02
4.67959543109455069e+02
1.83409812983955845e+02
7.10876663035821252e+02
4.91090820737729246e+02
2.90032516226449957e+02
7.73274262136673997e+02
5.06165230760005556e+02
2.75560507103319253e+02
8.82371214218473256e+02
4.12566881393781614e+02
2.72061904387745699e+02
7.09261546546656973e+02
4.97096616707593171e+02
2.80641836745750879e+02
7.10096763062405330e+02
6.17823877672172330e+02
1.55079359265420862e+02
6.80637315071250555e+02
5.06853342919579916e+02
2.66509342009169302e+02
8.01455782461599142e+02
5.29249481266094790e+02
1.73294736272305556e+02
8.02281693468911385e+02
4.75632639303093924e+02
2.72085667227994747e+02
6.80021539016369502e+02
5.21906889431415721e+02
2.96071571552216312e+02
6.21441543052562565e+02
5.61678268698113357e+02
3.80880188249323623e+02
8.20915651625544115e+02
5.75920871014449176e+02
2.28163477360006993e+02
9.09663277706406689e+02
4.57926771635090461e+02
1.75409950658502140e+02
8.85802974559957306e+02
4.45977877829025260e+02
1.96219147611018343e+02
8.94106328350399394e+02
4.49648709802380779e+02
1.88244961847219543e+02
1.00720885551765252e+03
3.77380205799139901e+02
1.79410938683206581e+02
8.36634001050951156e+02
4.06343121965356318e+02
1.18022876983693919e+02
9.79153241907483789e+02
3.90283477171397749e+02
1.62563280921118661e+02
8.91484980076598731e+02
4.20068821227905744e+02
2.16446198695494701e+02
7.23107069804116463e+02
4.67645272628377199e+02
1.98247657567507900e+02
8.05454111321614050e+02
4.72146301057859546e+02
2.94399587620526518e+02
5.82342879379347437e+02
5.38414750313629156e+02
2.86242370307022327e+02
9.01252307383232846e+02
3.62319207703948166e+02
2.34428484912818817e+02
6.78779268332385413e+02
6.52474660789117706e+02
1.95746070878498159e+02
8.58727701048705171e+02
4.53541672412978869e+02
1.65730626538317097e+02
7.11727111170260969e+02
5.74248722975052715e+02
2.30024165854687539e+02
7.35149664322285616e+02
4.74140117071138093e+02
2.51710218606577286e+02
7.94559723124263655e+02
5.07555420745075310e+02
2.53884856130659557e+02
7.86126202747985985e+02
5.34618485969698099e+02
1.71255311282317336e+02
8.47476587015829978e+02
4.98825425863520934e+02
2.13697987120647014e+02
7.54783304830227507e+02
3.89843391979862986e+02
2.75373303189910359e+02
8.62723141075329863e+02
6.08333247588600670e+02
2.09943611336069040e+02
6.67167349750399694e+02
4.99964341268443945e+02
2.51868308981154968e+02
8.76177560582621254e+02
4.87678538023810404e+02
1.84143901393567148e+02
8.15527397981543118e+02
5.47875672862587408e+02
2.26596929155868111e+02
8.17675099543274428e+02
4.65973916151895082e+02
2.37350984304830973e+02
8.31656593141264466e+02
5.31861145736973754e+02
1.61482261121763173e+02
7.38873605854021548e+02
4.98007823703292843e+02
2.39118570442686917e+02
9.36195513234190116e+02
3.66455809711255597e+02
2.00348677054553832e+02
7.16204965251513499e+02
4.75530285788480342e+02
3.01264748960006443e+02
8.77197624827764002e+02
4.82878018581739411e+02
1.51924356590499400e+02
7.37400120506092662e+02
5.70332459220589044e+02
1.99267420273318919e+02
8.51617511154658246e+02
4.99047403582406105e+02
2.36335085262934257e+02
7.03655998923585230e+02
4.34656518763981353e+02
2.35687482312432365e+02
7.33219952033616210e+02
5.79887703840802146e+02
1.87892344125581445e+02
8.63857243575996677e+02
4.50130384920628671e+02
2.15012371503374254e+02
7.70597678716946234e+02
4.21184406322940561e+02
3.08217914960112637e+02
8.08222364733427867e+02
4.43024734296036058e+02
2.17752900970536757e+02
9.78476468601109559e+02
4.09863122143527164e+02
1.35660409255362765e+02
5.99370942053705448e+02
4.72329356964925694e+02
2.73299700981370108e+02
6.89996375527530859e+02
4.80191676930231438e+02
1.78811947542237817e+02
7.57922058092082580e+02
5.56986895008845295e+02
2.07091046899073916e+02
8.15672447504554953e+02
4.61031977691024906e+02
2.40295574804419687e+02
7.56550987544339023e+02
5.19518404348741569e+02
3.21930608106917532e+02
7.93929576085674398e+02
4.38530580146950513e+02
2.12539843767374776e+02
8.88791232553587633e+02
4.29549834648998853e+02
1.81658932797415474e+02
7.55864795222763405e+02
4.85016857564249506e+02
1.78118347212986805e+02
6.94040906317805820e+02
5.68660594923714257e+02
2.27298498758479894e+02
6.47546673396440383e+02
5.09495346457149481e+02
3.53957980146407635e+02
6.28349811153434871e+02
6.55135297504955929e+02
1.98514891341609598e+02
9.32340827645718718e+02
4.91170938338569215e+02
2.20488234015711953e+02
6.38126505712839730e+02
5.32753554816099154e+02
2.97119939471059695e+02
8.70884926194876812e+02
3.71710398241281098e+02
2.51404675563840527e+02
6.39827012152528027e+02
5.79764538324349360e+02
2.87408449523122727e+02
8.00866631365097874e+02
4.77018552112966518e+02
2.23114816521937001e+02
7.33954746576638513e+02
5.43419617976400787e+02
3.18625635446959166e+02
9.38817874769565037e+02
3.93667551598692228e+02
1.98514573631742934e+02
7.16904069310060549e+02
5.18028021450621168e+02
2.70067909239318453e+02
6.72079522130884243e+02
5.64781237096841096e+02
3.16139240772274491e+02
7.04435354889467249e+02
5.02856111524267988e+02
1.96708533586265133e+02
7.65744297217481517e+02
5.11753771956172102e+02
2.38501930826347319e+02
7.47904314534195009e+02
5.70366189444636916e+02
2.81729496021166369e+02
7.70808794683208134e+02
4.59304735789970266e+02
1.96886469526821543e+02
6.68588693753637926e+02
4.91350493225700802e+02
2.67060813020661101e+02
5.63927028684640391e+02
4.82846742370510754e+02
3.68226228944848970e+02
6.95815969366695185e+02
4.80317819744418046e+02
3.11866210888884950e+02
7.92354666334661601e+02
3.91621061981725688e+02
2.68024271683612767e+02
7.71573559459376838e+02
3.84179373242730719e+02
2.39247067297890283e+02
7.56206576515501979e+02
5.20946175274080019e+02
2.17847248210417121e+02
6.91633123281816211e+02
5.08856837502599717e+02
2.77510039215583788e+02
7.46705343808107500e+02
3.86855442524823388e+02
3.06439213667068941e+02
7.95411179597321393e+02
4.86036299814193910e+02
2.54552520588486146e+02
7.05199252501976730e+02
4.29088063883901100e+02
3.10712683614124273e+02
7.55088509795644086e+02
4.69118591404274810e+02
2.51792898800080252e+02
6.81064837964163189e+02
5.14388119914294975e+02
3.29547042121542177e+02
7.29762671929404974e+02
4.82121121472166806e+02
2.52116206598427141e+02
7.75732183571859537e+02
3.37661338767424468e+02
3.67606477660716735e+02
5.99077656292511051e+02
5.71291049787849033e+02
2.40631293919641024e+02
5.92878960632057669e+02
4.53582967966104150e+02
2.71538071401837612e+02
8.98636546925169341e+02
3.44309965976001763e+02
2.55053487098830090e+02
6.83503379418410873e+02
5.33941856802786788e+02
2.93554763778802283e+02
7.56259442046394952e+02
4.01274161972211687e+02
2.04466395981392282e+02
7.70376812714529819e+02
4.96851807083186543e+02
1.58771380202284149e+02
8.08080156020430763e+02
4.51470710228548455e+02
2.29449133751019275e+02
7.30289638829615228e+02
5.21484153279332986e+02
1.62226207891050564e+02
9.15883166179547743e+02
3.73847295739309402e+02
1.67269538081142883e+02
6.84953429596535329e+02
5.49287228711052194e+02
1.82759341692412306e+02
6.97411602930972208e+02
5.80702008459542526e+02
2.30886388609484982e+02
7.22215036291153979e+02
3.80052111451038570e+02
3.49732852257808247e+02
7.89796688460936707e+02
5.84360714594378805e+02
2.20842596944683521e+02
8.75603631227366009e+02
4.48699702228886224e+02
1.85696666543747995e+02
8.17378131703580948e+02
5.09695687439773280e+02
1.95926180856645914e+02
7.43927745685203718e+02
5.76586929564894490e+02
1.76485324749902702e+02
7.33804722055693105e+02
4.88604799967024974e+02
2.14590477977280472e+02
8.19993502057783189e+02
3.93613114099216432e+02
2.58393383843000947e+02
8.88065029351749558e+02
3.33937497926531876e+02
2.35997472721719390e+02
5.49385592844481494e+02
5.61117769632427212e+02
2.67496637523091238e+02
8.38218192009725385e+02
5.04991491779300702e+02
2.85790316210972321e+02
6.33478442020302964e+02
5.05540158492628848e+02
2.63981399487066540e+02
7.96515100996587080e+02
4.07101057487269657e+02
2.57383841516144400e+02
9.24497149313230693e+02
4.12737300980046030e+02
2.09765549706723419e+02
7.97767549456027496e+02
4.57907817603531271e+02
2.04324632940440097e+02
7.80728425416304049e+02
4.92945033495808900e+02
2.21326541087887193e+02
7.49604051205376663e+02
4.59576948872248806e+02
2.34818999922374957e+02
8.30876292960220667e+02
3.98899425487413680e+02
2.12224281552364488e+02
8.31883553719963288e+02
4.71809342827005764e+02
2.15307103453031459e+02
6.50704830674700702e+02
6.08310092724547530e+02
2.42985076600750602e+02
8.79730732036037011e+02
4.25047686959667885e+02
1.67221581004295246e+02
6.90413324820629896e+02
5.47545058977249141e+02
2.31041616202120139e+02
7.05195856365555983e+02
4.76623335829817449e+02
2.28180807804627307e+02
7.39784257541974284e+02
4.84208562315246240e+02
2.36007180142779788e+02
7.24077240085503263e+02
4.63090791864989058e+02
2.43831968049508873e+02
6.72911900484707076e+02
4.25655427252132256e+02
2.49432672263159589e+02
7.98058168258189994e+02
4.94129671627270170e+02
1.70812160114540148e+02
6.93223216711045666e+02
5.63450316378765251e+02
2.00326466910190021e+02
8.61606906641710907e+02
4.07552554506746276e+02
2.23840538851543215e+02
7.82249238784563317e+02
5.11052032910272089e+02
2.28698728305164593e+02
8.11038989695112832e+02
5.56751814715341879e+02
2.08209195589545828e+02
7.96408595896558268e+02
4.25801688769265695e+02
3.22789715334174957e+02
7.87479943504142511e+02
4.10543903890929073e+02
2.23976152604929325e+02
7.41577701586547846e+02
4.40386552063452768e+02
2.09035746349999243e+02
8.95168040905634257e+02
3.99161022729589718e+02
2.33670936364775145e+02
7.01539151788493541e+02
5.68422821103288129e+02
2.78038027108217022e+02
6.09695251879265356e+02
6.48623011812035884e+02
2.50681736308699783e+02
7.61443908193446987e+02
4.38195835132695436e+02
2.64360256673856099e+02
7.35255846510365018e+02
4.64450250642155424e+02
2.50293902847479927e+02
8.52685707944969749e+02
4.13403041594613910e+02
2.37911250460418103e+02
8.59072232759861208e+02
3.93772635258280786e+02
2.53155131981859171e+02
7.49436600001681541e+02
3.97863352409638537e+02
2.41700047588680491e+02
9.38355578376504923e+02
4.98841855319714227e+02
1.92802566303782100e+02
8.20819077475249514e+02
5.13514775919748558e+02
2.72666146605001074e+02
8.23654645078759586e+02
5.14220779192983855e+02
2.15124575728255877e+02
7.28936413637824216e+02
5.46665941077085563e+02
2.60397645285092437e+02
8.56242526481439199e+02
5.11237774380722442e+02
2.52519699137838245e+02
7.76083535813680214e+02
4.98308199531603236e+02
2.16608264654716635e+02
8.20687622945216503e+02
4.62092771533611540e+02
1.95219605521172099e+02
7.70259338550392272e+02
5.17076117231386206e+02
2.28664544218220982e+02
6.75249660564813439e+02
5.73115410129148927e+02
2.44634929306038458e+02
7.22337441879677499e+02
5.06882049544536358e+02
2.33780508575786911e+02
7.34389031353646146e+02
5.95656171928851450e+02
2.69954796717499732e+02
8.36890404386789555e+02
4.11043098499795178e+02
2.20066497113414954e+02
7.48688692895253439e+02
4.89481794807268727e+02
2.91829512297478857e+02
7.45376550559729026e+02
5.40975018099269164e+02
2.98648431341000105e+02
7.60212422222099008e+02
5.41206534835906609e+02
1.81581042941994781e+02
7.39742667843539607e+02
4.13132500818786525e+02
2.48124831337673584e+02
8.86042815112632525e+02
4.71388538435805458e+02
1.76568646451564149e+02
7.80128648053800362e+02
4.92144743724112061e+02
1.87726608222088458e+02
6.24667212618976237e+02
4.78716261326779431e+02
2.77616526054243138e+02
6.47662295511753427e+02
4.53331944734711669e+02
2.25005759753535187e+02
8.31571780838495101e+02
4.65112047300093593e+02
1.58316171861411817e+02
7.73340937655654443e+02
3.90164220026824012e+02
2.74494842317520352e+02
7.87320482347022676e+02
4.75069748945314927e+02
2.33609768707662312e+02
