2.08702087873009532e+02
4.88502393602924201e+02
1.09795518524066168e+02
1.88697949294349229e+02
4.37708439036303389e+02
1.36593611669347439e+02
2.02327290901639884e+02
3.87699123419331613e+02
1.70973585679028957e+02
1.77909096358024982e+02
4.81113333634876483e+02
9.19775700070984499e+01
1.90524132898352406e+02
3.95255335952492146e+02
1.70220531149155477e+02
2.01193396014734731e+02
3.59768138872745681e+02
2.03038465112519873e+02
2.20784091454364216e+02
3.52672757036294627e+02
1.66543151509341072e+02
1.62033517832088705e+02
5.45373115456871574e+02
1.47593366711039010e+02
1.58792788274617237e+02
4.45577134740837153e+02
1.44630076984546605e+02
1.30958857655277626e+02
4.56884248511694125e+02
1.60156893833028107e+02
1.28458645908253402e+02
5.14007617190358587e+02
1.06533736901387513e+02
1.70573718612262525e+02
4.17823649763171375e+02
2.10602631624565845e+02
1.09114071286004219e+02
4.75097877900469712e+02
1.69788050813525842e+02
1.78829511052731647e+02
4.10643416972338287e+02
1.63527071974930010e+02
1.30143526806792636e+02
4.94383496034516440e+02
1.99472977158690838e+02
2.27326693488811571e+02
4.09604738372635268e+02
1.79068568138552877e+02
2.51072484860815308e+02
3.54829349679558391e+02
1.52098165459626870e+02
1.99252133916659943e+02
5.22549822673968492e+02
8.01980434093712233e+01
1.27591103144832715e+02
4.60547676735598600e+02
1.97861220119568799e+02
1.91221611748431371e+02
4.56699934201975225e+02
1.22078454049593276e+02
7.54536421683506120e+01
4.11958174868808840e+02
2.84588182962839880e+02
1.79587101517875794e+02
4.15114404352635233e+02
1.64298494129488461e+02
1.23237547424545383e+02
4.07730709056899116e+02
2.08031743518555373e+02
1.33975600474293230e+02
4.82073361494794426e+02
1.69951038030912258e+02
1.78203941818138873e+02
3.81317125528531790e+02
1.62478932653329480e+02
1.44141966799803839e+02
4.92348690732688283e+02
1.39509342467507963e+02
9.26778019151295780e+01
5.52768345401108036e+02
1.27553852683763068e+02
1.43558728797060638e+02
4.89045450837308408e+02
1.50395820365631067e+02
1.73648100211466954e+02
4.64915618223948229e+02
1.17436281564584661e+02
1.69257789596050060e+02
4.58581852629492516e+02
1.95160357774457765e+02
2.03037141221718201e+02
4.36423025235035311e+02
1.26539833543247028e+02
2.01976958461696995e+02
4.22020527355263312e+02
1.94002514183039494e+02
1.52165597559701666e+02
4.51347286694731054e+02
1.93487115745567621e+02
1.74346020047999446e+02
4.52377592109907425e+02
1.25276387842092959e+02
1.74294640390317880e+02
3.88578208834919508e+02
1.93127150774762526e+02
2.48840311155208468e+02
4.44271282446267037e+02
7.48884063985242676e+01
1.66062225873275622e+02
4.62680176089109352e+02
1.66257598037614457e+02
1.66892703997287498e+02
4.10598173875135728e+02
1.69509122127576944e+02
1.55555314205787965e+02
4.17827382174472802e+02
1.87617303619738948e+02
1.37497344223006593e+02
4.53183143110973674e+02
1.76319512666019818e+02
1.88468811843279667e+02
3.84411405037926841e+02
1.84119783118793777e+02
1.66424688741616592e+02
4.23162415752928098e+02
1.78412895505455452e+02
1.61558480049508859e+02
4.41265688723926985e+02
1.67175831226563986e+02
1.46959882657532262e+02
4.14706980697177869e+02
1.86333136645289983e+02
1.49048195874830611e+02
4.50806433428742309e+02
1.41145370696427591e+02
1.80734954410251390e+02
4.47352158917787392e+02
1.19912886671960678e+02
1.75445720474150249e+02
3.79568218833726405e+02
2.07986060692122976e+02
1.68934425131951201e+02
4.11952099629512418e+02
1.91113475238536722e+02
2.28302953039505894e+02
4.55498896780591906e+02
1.35198150179901688e+02
2.18898049031680841e+02
5.20057284187314849e+02
1.14044666781004665e+02
2.18977907200426500e+02
4.31902505779090404e+02
1.65119587020483010e+02
1.34026153384672796e+02
4.93230218378928555e+02
1.82743628236398422e+02
1.98742568462189809e+02
4.65051239913212441e+02
1.56206191624598205e+02
1.77637592792777269e+02
2.90297403969266099e+02
2.29065003237956660e+02
1.99169602428064508e+02
3.95665399202190258e+02
1.81164998369744808e+02
1.61847682944165882e+02
4.74937009972777673e+02
1.45215307083056558e+02
1.27654276326799959e+02
4.42230629779272704e+02
1.84115093893927565e+02
1.68327187304537262e+02
5.30462823255752028e+02
1.38209989439710824e+02
1.78098110976434043e+02
4.18094607908890680e+02
1.46807281114675789e+02
2.01085250395389352e+02
3.95874375556813334e+02
1.69040374047796490e+02
2.30157158079801718e+02
3.99547607321378734e+02
1.44295234598819548e+02
1.00870109040081118e+02
4.57142257514971845e+02
1.94987633444947193e+02
2.31415027809079902e+02
3.64741242689898399e+02
1.79843729501021727e+02
1.49404791700810648e+02
4.73584642842053995e+02
1.78010565457135669e+02
1.66896530798397066e+02
3.93465142552087514e+02
2.01638326649515591e+02
1.68279195019555488e+02
4.42883938394289032e+02
2.06836866586155168e+02
1.62407457025397775e+02
5.03372062276306679e+02
1.35220480698295205e+02
2.11791851225645672e+02
3.82979435931719365e+02
1.72228712842635048e+02
1.38767842849861523e+02
5.07926137061783095e+02
8.43060200883551545e+01
1.94994681934630620e+02
4.15041505341690709e+02
1.35963812723678700e+02
1.49711331707155153e+02
3.93527359159380694e+02
1.72761309133464636e+02
1.96580415539652137e+02
4.37115976371182342e+02
1.87303608089165863e+02
2.10513562074329599e+02
4.63303410780936872e+02
1.71183027144734098e+02
2.62743080877010186e+02
4.23458796997494346e+02
9.07981221254953255e+01
1.70917373089619076e+02
3.91100649266120968e+02
1.87981977644260127e+02
2.40610269879252570e+02
4.91396899484632286e+02
8.39928306361152863e+01
1.95221170326879047e+02
4.41472656340535082e+02
1.53306173332585530e+02
1.69910185915386563e+02
3.60466629319669948e+02
1.63623184764942977e+02
1.94440207339379583e+02
5.00644229840149080e+02
1.22915562820471592e+02
1.62657738370228657e+02
4.15972049318091592e+02
1.75370212311679808e+02
1.41181334612865015e+02
4.70993518139877494e+02
1.80825147247257576e+02
1.93247367488846749e+02
4.34767387620663840e+02
1.76985244890489582e+02
1.53920217838806451e+02
4.77342070446467062e+02
1.69737711714726430e+02
1.65697305256656392e+02
4.89588087153765684e+02
1.01714607589577682e+02
1.65145350477394146e+02
3.68850366621320177e+02
2.01004282901285876e+02
1.65801659723543821e+02
4.41568375686778097e+02
1.62629964589677769e+02
1.08149310992858645e+02
4.85465464479523291e+02
1.58385224527618277e+02
2.07340307010855724e+02
4.20335128375996192e+02
1.72324564613147544e+02
2.53014833604883108e+02
4.19490773139955252e+02
1.30494393255161810e+02
1.28764996541136554e+02
4.20738802578671141e+02
2.08496200880192504e+02
1.80729535075068242e+02
3.93973127185116255e+02
1.72297337739816072e+02
2.57406695870540602e+02
4.42220593758678149e+02
7.53727103707802826e+01
2.38156859453612384e+02
4.39284907997509890e+02
1.17558232548877626e+02
1.28737479166799602e+02
4.63383406285062279e+02
2.26879114548138233e+02
1.26911638508378900e+02
4.38020189456340233e+02
1.83068172035281719e+02
1.13782952938668586e+02
4.68415900797666438e+02
1.95801146263665316e+02
2.76234217483404962e+02
3.37242679714020539e+02
1.21523102802574897e+02
2.03303920301362581e+02
4.73218749497154363e+02
1.31477330201483653e+02
1.01185030152120589e+02
5.39165820178878221e+02
1.59649149669001389e+02
1.62998868764612382e+02
4.77112216623296717e+02
1.12888914612091568e+02
1.72874303502995048e+02
4.99972270592451252e+02
1.22153425904554211e+02
1.10395362438877356e+02
4.16658008629434221e+02
2.01946628931688593e+02
1.13965533198844184e+02
5.55094972349857471e+02
1.12939494451297989e+02
2.39726071279234475e+02
3.15829830874351728e+02
1.76444097846413683e+02
1.85975181875751986e+02
3.80090696253565625e+02
1.97934121870682674e+02
1.96626072614193419e+02
3.93700349807702764e+02
1.55673577578103391e+02
1.89780606331486524e+02
3.97021977665458905e+02
1.87197416003054940e+02
1.81013321404014391e+02
4.46810853012284213e+02
1.44175825583701794e+02
2.12965335975384590e+02
4.31827174156785759e+02
1.50207489867829509e+02
1.32913480138449756e+02
4.82193047432454932e+02
1.67893472429095226e+02
2.11270368474557245e+02
3.85061272649780506e+02
1.67668358875662221e+02
1.30225326542126311e+02
4.85718299016176616e+02
1.66056374441697415e+02
1.52910439832513958e+02
4.59844969801666252e+02
1.28244590365820358e+02
1.98440319804835610e+02
4.43498290700482642e+02
1.52061389494681293e+02
2.09625576706184717e+02
4.05714054696380401e+02
1.96660368597434257e+02
1.89347862167660111e+02
4.07142590540240803e+02
1.80509547292099001e+02
1.41897077258400998e+02
4.43911546242423356e+02
2.22191376499175675e+02
1.39525431927560732e+02
4.65292263968526640e+02
1.70182304103912060e+02
1.99288021316146910e+02
4.21627333892666400e+02
1.49084644791187031e+02
1.06981968170634858e+02
4.14336448546811312e+02
2.67681583282553618e+02
2.19318166768088844e+02
3.44974475669591470e+02
1.92707357562320340e+02
1.90678838474740303e+02
4.43527034840566159e+02
1.48794126684693396e+02
1.59838852787635119e+02
4.37984966278451168e+02
1.61176180933913571e+02
1.50191312980343412e+02
4.76593469458547077e+02
1.44215217561109540e+02
8.36802035981078944e+01
4.99150586270397071e+02
2.27169210131494367e+02
1.79348716139404303e+02
3.65903056975044990e+02
2.42748226885550508e+02
1.54386785137582422e+02
5.08462957278196598e+02
1.09150257584220540e+02
1.53121538157084018e+02
4.16080036056044548e+02
1.93798425786872002e+02
1.98466775958471828e+02
4.52324056301117650e+02
1.58209167740411431e+02
1.89102231628551465e+02
4.69072085363528572e+02
1.57825683007920389e+02
1.69469167703901519e+02
4.96060955213279613e+02
1.15469877082818414e+02
1.65549442585596836e+02
4.83708290652499670e+02
1.39742266761903636e+02
1.50969316268553797e+02
4.51617959444487383e+02
1.56412724286958735e+02
1.94450035714826527e+02
4.62977087211373657e+02
1.09572877073799560e+02
1.17874920156786672e+02
4.16529566567932591e+02
2.00595513275281064e+02
1.52407416387934205e+02
4.16264571481105577e+02
1.90328012130959536e+02
1.38707642759632392e+02
3.73966364274348564e+02
2.33325992966019612e+02
2.09775228122038698e+02
3.75208515225101735e+02
1.63016256652859767e+02
1.52879631388253699e+02
4.59201902027876827e+02
1.76918466583869616e+02
2.12452113533348182e+02
4.39144008204643796e+02
1.12403878262007680e+02
2.27621690854584074e+02
4.38481857528924422e+02
1.59896451616491674e+02
1.69497575152438088e+02
4.42759864147635767e+02
1.71742560699926173e+02
2.02671371432486097e+02
4.34578611818206014e+02
1.49750016749307463e+02
1.68590094775342607e+02
4.23674186426146150e+02
2.38735718798510845e+02
1.93031722265663547e+02
4.59126019147767522e+02
1.08842258586568448e+02
2.09513656345260841e+02
4.98757709204882872e+02
1.54728634449856600e+02
1.83026581068746907e+02
3.92352232796242902e+02
1.92621186135010220e+02
2.11449634610987971e+02
4.13994167030477513e+02
1.35556198358534772e+02
2.25651696900970961e+02
3.68913901365235915e+02
1.54434401733793379e+02
1.60978043650192291e+02
3.58515292358960892e+02
1.99506663990847045e+02
1.33666445216912024e+02
4.60063633687096569e+02
2.00269921095992089e+02
1.99185907373680436e+02
4.03418882622466924e+02
1.95395210003852412e+02
1.88894304018961293e+02
4.72077266123870231e+02
1.01028429857168206e+02
1.12743591035816465e+02
3.97281282875715647e+02
2.05975126088466794e+02
1.79886919108669247e+02
4.01718935380190487e+02
1.90394145511139868e+02
2.17684987827936254e+02
4.05137056285025494e+02
1.11177955887037726e+02
1.65974298684768456e+02
4.51426009253628990e+02
1.40599692061602411e+02
1.21211132945481808e+02
4.77699616235145527e+02
2.03089250819372978e+02
1.43707908214065213e+02
4.36058732324531718e+02
1.91233359461403097e+02
1.87898575375032777e+02
4.96665311563759246e+02
1.85436113061208204e+02
1.38766382207468212e+02
4.08967087915820002e+02
1.95266529876711218e+02
1.95621736407432707e+02
3.41399104037639802e+02
1.97979159554927378e+02
1.24304067681620268e+02
4.61645591948114316e+02
1.74050340370265815e+02
2.14284407336616511e+02
4.40425111532462154e+02
1.67290481130921705e+02
1.59658027626128273e+02
4.23478657971772236e+02
2.02863314402099746e+02
1.66192770852646049e+02
4.61082198189577014e+02
1.09725030957776696e+02
2.24082801109035188e+02
4.15123946607412961e+02
1.74793252283551510e+02
1.69291964427208711e+02
4.28957176014841195e+02
1.70750859557949724e+02
1.70486118865567221e+02
4.32524247648417202e+02
1.76989633486015407e+02
1.97036135071404999e+02
3.99948248813216594e+02
1.77015616115377952e+02
1.75610021395010989e+02
4.46099584243674428e+02
1.80290394361314924e+02
1.75091750258137864e+02
4.20195751506251554e+02
1.67712498235611179e+02
1.48710554385920432e+02
4.93825759403186794e+02
1.54463686210892888e+02
1.99738622863608953e+02
4.14567639403943303e+02
1.27693737732446777e+02
1.61507182510706770e+02
4.75057320977108247e+02
1.60435496512185040e+02
1.25750442838026785e+02
4.85213340759119319e+02
1.88036216402853739e+02
1.84803246956870368e+02
3.73753288731730777e+02
1.85443464311398998e+02
1.54177309500335355e+02
4.82656772808576136e+02
1.51165917691088339e+02
2.10156570039806724e+02
4.17339053362099776e+02
9.45043765980928612e+01
2.09068500471440359e+02
4.37167810505682212e+02
1.46763689022876861e+02
2.01180387629505560e+02
4.05265306503567615e+02
1.59554305866926398e+02
2.10390997459414876e+02
3.87082826164520839e+02
1.87526176376063518e+02
1.81712918908967509e+02
4.51436157958579543e+02
1.81850923132452834e+02
1.62352459060794132e+02
4.30084081717234028e+02
1.54563459221972153e+02
1.58726501617512923e+02
3.90629762740796082e+02
2.39643735641691109e+02
1.41573072253749302e+02
4.24787274033035430e+02
2.19639653713216092e+02
1.27582038360998553e+02
4.28150721658669681e+02
2.01267239980331595e+02
1.21421117243390114e+02
5.37706712612285060e+02
7.18721701443256222e+01
2.05329467531824235e+02
2.91260405508668669e+02
1.78410126959507352e+02
1.00769846824378817e+02
4.76375674867683529e+02
1.77854478307937455e+02
1.89907861081655255e+02
4.28056035662570707e+02
2.25036103255774549e+02
1.43532268494509310e+02
4.28188311139487723e+02
1.50279420366002967e+02
1.29802440634237200e+02
4.08448469820773028e+02
1.59749089544990028e+02
2.47510155289872529e+02
3.98570347483204046e+02
1.28919497226923141e+02
2.42221561694182981e+02
3.83082406753521298e+02
1.91696031552296205e+02
1.48449871649136753e+02
4.95598841418523364e+02
1.38951286932340253e+02
2.69631163928596322e+02
4.50263211865141045e+02
8.01056242062621777e+01
1.46689082102840274e+02
4.21362274194963106e+02
2.66948643702196136e+02
1.47682033388710749e+02
4.11661403899519826e+02
1.78656562711769169e+02
1.94270486462527685e+02
3.36870379623210226e+02
2.19859133914262429e+02
1.47565378747314838e+02
4.73213176800373390e+02
1.15221444452312255e+02
1.48060865578387023e+02
5.04896767448494984e+02
1.41042366973118192e+02
1.59321643785490465e+02
4.32542024432207825e+02
1.75136331782301056e+02
1.20055220894677532e+02
4.67453999339159850e+02
1.69490779766162774e+02
1.97612578299933119e+02
3.64170951400159709e+02
1.36216470299906888e+02
1.86107774161613889e+02
4.15027056258031166e+02
1.83865169580354546e+02
1.58919858143726117e+02
4.39210604585066847e+02
1.56869537271206951e+02
1.78881114341044366e+02
4.53194391020488297e+02
1.38924494638467650e+02
2.12635806918052253e+02
4.08232200603678166e+02
1.45131992478269439e+02
1.47693834255442255e+02
4.85243537918199024e+02
1.77062627826358494e+02
1.05318395545949244e+02
4.62199721916803753e+02
2.22481882537246832e+02
1.15426332952117548e+02
4.07693953051831215e+02
2.08879713996051663e+02
1.28702003606806358e+02
4.09264326135110196e+02
1.73033670258083561e+02
1.47394402905327922e+02
4.72302270463595562e+02
1.24303326631075549e+02
1.22266044121640292e+02
3.94645649286897935e+02
1.60088306591461389e+02
1.50753989422071925e+02
4.88603225328433098e+02
1.21642785249495503e+02
1.03588531199780448e+02
4.91534523328630200e+02
2.33876945471589124e+02
1.74497542221506080e+02
4.80363894721425254e+02
1.55138563057068666e+02
1.24830699301525954e+02
4.99009820657379635e+02
1.67159480041094611e+02
2.16283067011603464e+02
4.00419885965769367e+02
2.02297047022627197e+02
1.25862492893542296e+02
5.46335966348758802e+02
1.58801540757698234e+02
2.35320126375954175e+02
4.26880188848254704e+02
1.36799684775791377e+02
1.88279468074839997e+02
4.60680458039179371e+02
1.47040073885980576e+02
1.68894998582531173e+02
4.89889182720687529e+02
1.30215818696781270e+02
1.57599352137798974e+02
4.17059255385835456e+02
1.48341392476366053e+02
1.95102450361623738e+02
3.93262120502344601e+02
1.95635429136031547e+02
1.46298971493505917e+02
4.87220160522946571e+02
1.36480867983547597e+02
2.36567335466871867e+02
4.13779686087389223e+02
1.43652978445739109e+02
1.73737412274732208e+02
3.79056409440264247e+02
2.01206178285003404e+02
1.68425946703413359e+02
4.67454513692559487e+02
1.74119539604027409e+02
2.54877053381158333e+02
3.59761244162209266e+02
1.08361702456631932e+02
1.26131417024603721e+02
4.91661778979051746e+02
1.79206803996344263e+02
1.56700506593059544e+02
4.49635588600883693e+02
1.74663904806057445e+02
1.61319579511250538e+02
4.68997503795901878e+02
1.33682916692847272e+02
2.11735490074301822e+02
3.72489875239269509e+02
1.83774634686428072e+02
1.82533276179517401e+02
4.81162360404909975e+02
1.88304363415572567e+02
1.72716185878653135e+02
4.78112835398497054e+02
1.46170978722849924e+02
1.61015189765031295e+02
4.81868009520729288e+02
1.69116800714239190e+02
1.75726230659712542e+02
5.11946121517467930e+02
1.23327647822819912e+02
1.54123841799186067e+02
3.74100583849054601e+02
1.73775574351759900e+02
1.89481816907538956e+02
4.05653520658150399e+02
2.08864662434310532e+02
1.88674744766257959e+02
3.57010137474760938e+02
2.36315117758980591e+02
1.59646404452991220e+02
4.89422390097453899e+02
1.31931205449554568e+02
1.20244076859276689e+02
4.43311664745781400e+02
1.66444258394942239e+02
1.61460311801312031e+02
4.54618900749448017e+02
1.51920787449239896e+02
1.59950942333991350e+02
4.19094822528031955e+02
1.90954235137977037e+02
1.94549486944902384e+02
4.31549661142184334e+02
1.66900851912913225e+02
8.09489808689570651e+01
4.67525820263335049e+02
2.37525198867707331e+02
1.57246560872200689e+02
5.15463643403935862e+02
1.23289795723864145e+02
1.95663991260088125e+02
3.29196336605069405e+02
2.04139672134842073e+02
1.65460665604539173e+02
4.94902977318185037e+02
1.14636357077275775e+02
1.87071437395605187e+02
3.51651981776284856e+02
2.32276580828109957e+02
1.05724063435101471e+02
4.77990601027619789e+02
1.90285335537279053e+02
1.57734299596829885e+02
4.36060608364184588e+02
1.76205092038984759e+02
2.09011817055184963e+02
4.57573124821920544e+02
1.18415058122894351e+02
2.31781719231598657e+02
4.62380151036408051e+02
8.68381297319937175e+01
1.13244441198238846e+02
4.16174003525946375e+02
2.11581555275814168e+02
2.06284366271188304e+02
3.95474076661630306e+02
2.23241557067181219e+02
1.51908698805388781e+02
4.54349113578243532e+02
1.35742187616367488e+02
1.34180863533642594e+02
3.75877809977690163e+02
2.42941326488667443e+02
2.25629869805149070e+02
4.29627815720623801e+02
1.20742314474227328e+02
1.80259610099225881e+02
3.44541607579011270e+02
2.36198782321763275e+02
2.19239375746539423e+02
3.95306878695984551e+02
1.57453745557475457e+02
1.68439643827275432e+02
5.11825663942485448e+02
8.67346922302389061e+01
1.36151359636099414e+02
4.97166629260619459e+02
1.80682011103281610e+02
2.30806215608757611e+02
4.37790050426884420e+02
1.39403733964358480e+02
1.03990240089925663e+02
4.70600791825034605e+02
1.42408968085040243e+02
1.89043209684351780e+02
4.18469277400610110e+02
1.34487512915037797e+02
1.71634603883446118e+02
4.28490852673872212e+02
1.75874543442681727e+02
1.19774296344071459e+02
4.79796688859356266e+02
1.69429014796571749e+02
1.02423513595735059e+02
5.20520508534218720e+02
1.40055977870046519e+02
2.43057228407399208e+02
3.61315435208689962e+02
1.54627336383910546e+02
2.19963778123141225e+02
4.22293771867244743e+02
1.46742450009614345e+02
1.84113417502734734e+02
4.60197330380850190e+02
1.63689252116414877e+02
1.53056263979808307e+02
3.48997523610134635e+02
2.71946212410056887e+02
1.86189954495403214e+02
3.66717911966584779e+02
1.86092133538011694e+02
1.59704599166067510e+02
4.55327986433417379e+02
1.69967414400515452e+02
1.75168138541294809e+02
3.46335271531569163e+02
2.26496589927136199e+02
1.38531378236563711e+02
4.81066241858388594e+02
1.53402379905048520e+02
1.69982465196925347e+02
4.02311295597702781e+02
1.54706239205371588e+02
1.59997601234588728e+02
3.32067119672634476e+02
2.29935279092776000e+02
2.21783920467091036e+02
4.86781991356889137e+02
1.06434088176019685e+02
1.66354627438179847e+02
3.96576133829773767e+02
2.06069238732046159e+02
1.42221930440690301e+02
4.70599135157135947e+02
1.64178934402173411e+02
2.06446275884640329e+02
3.72113483662681233e+02
1.71440240452678495e+02
2.39904921361882401e+02
4.43547202127715877e+02
1.56547876510401693e+02
2.28648544782104466e+02
3.59865133805260825e+02
1.72486321412634311e+02
1.40938592194251811e+02
4.32184236367598942e+02
2.50877171438149560e+02
2.95422892129615207e+02
3.91548652373923005e+02
1.29028455496461419e+02
2.01680879213618965e+02
3.78041691500275533e+02
1.47277429286105644e+02
1.00188037389821432e+02
4.43306467762921386e+02
2.74505494847256955e+02
8.69579998820408235e+01
4.26135099067182466e+02
2.25906901050777094e+02
1.41651668559358257e+02
3.89261592639087155e+02
2.29086738801554276e+02
1.81094703850474843e+02
4.92552894440050579e+02
1.49352401709474435e+02
1.79146789880847365e+02
4.43911867259024461e+02
1.67941342860128458e+02
1.50801687492298925e+02
4.71068504489323459e+02
1.93129808018377219e+02
1.63880366896461226e+02
4.39134800959282188e+02
1.55984832144256700e+02
1.02375964652683834e+02
4.99092984876823550e+02
1.96531050470492744e+02
1.15635881189316947e+02
5.25448468720457981e+02
1.49915650090225000e+02
1.79109685048118138e+02
4.21374580094043495e+02
1.79515734857838936e+02
1.67153119513294143e+02
4.99174801800860507e+02
1.73672078685845207e+02
1.14894483147392734e+02
4.66478817864880853e+02
1.84626698987726854e+02
1.12931806454935810e+02
5.59978017138275277e+02
1.27090176406788956e+02
1.49699628974005122e+02
3.92923500351827386e+02
2.13376870674167407e+02
1.58514681006292562e+02
4.11339170471518116e+02
1.66146148522189520e+02
2.02240905098492675e+02
4.50237333309846349e+02
1.18521761591660166e+02
1.16268587504818882e+02
4.91621692534166471e+02
1.51109719961013639e+02
2.03681570508492570e+02
4.44710237603095436e+02
1.25608191888412065e+02
1.57303755408877947e+02
4.46252400592647007e+02
2.07443843998474819e+02
9.74279055158410614e+01
4.16199934120229102e+02
2.25372160363929225e+02
1.57774998334651400e+02
4.62007476357552150e+02
1.80217525307797104e+02
1.97051818968770590e+02
4.77671175791011990e+02
1.56277005240217221e+02
1.87632275585797373e+02
4.46913389582871503e+02
8.64543348313311810e+01
1.80520169151412944e+02
4.57471597353108052e+02
1.62008233495479374e+02
1.31704301263967750e+02
4.19841651774895695e+02
2.07454046961136470e+02
1.78917056849306022e+02
4.16664390449832013e+02
1.88418552700861682e+02
1.45867642819773891e+02
4.61717665232857371e+02
1.66414691947367970e+02
2.26433833213940574e+02
4.05147150865806736e+02
1.13419015920253131e+02
1.47145597066279493e+02
5.94306042845810111e+02
6.55483600879109787e+01
1.76930191517473617e+02
4.96401193760702142e+02
1.52668614721823872e+02
1.86887041129122565e+02
4.03872750350033016e+02
1.49240208520844476e+02
1.66454439139092500e+02
4.66623037944091550e+02
1.38922522916816462e+02
2.09772969981501774e+02
4.44194266861775588e+02
1.00032763156722226e+02
2.25133752302750622e+02
3.56934112350375756e+02
1.94932135346873878e+02
9.51204912583194897e+01
5.12089956056915526e+02
1.26789552684764843e+02
9.22755720057550519e+01
4.92395926628012205e+02
1.96328501366233127e+02
6.28782119700385635e+01
4.52239469897611457e+02
2.06882318132349809e+02
2.24686140568468943e+02
3.72269455521714917e+02
1.69044403909816111e+02
2.44793333212134058e+02
3.99055121912306674e+02
1.35151544875558784e+02
1.72934532201860975e+02
4.45986389422605157e+02
1.73079078375534408e+02
1.51224150970919652e+02
4.90636417475466089e+02
2.04139431553614600e+02
2.28395833187471624e+02
3.62587213852031198e+02
1.90016952960496894e+02
1.45689354506518526e+02
3.74439507629979346e+02
2.51871137863501843e+02
1.30427143545661380e+02
1.20593436501339184e+02
4.58979419952999422e+02
1.13735788372074595e+02
1.29391075615284677e+02
4.54873136012641055e+02
6.85770726679059237e+01
1.68040173003365368e+02
4.44382754328728083e+02
1.62731727239945997e+02
1.42441445491353250e+02
3.85826827268700583e+02
1.38052642460809324e+02
1.66423715030840441e+02
3.81523642508349781e+02
1.85209129647036718e+02
1.37595649757841613e+02
4.13195220595121896e+02
1.66635517610823712e+02
1.58024490507312493e+02
3.72339991881864023e+02
1.76222365180792877e+02
2.01647548951810990e+02
3.27130085867396247e+02
1.93525449891342959e+02
1.68312489805576320e+02
3.62162060303080182e+02
9.65139644753560333e+01
2.63684119574890815e+02
3.62801915949752981e+02
2.29534016424550401e+02
1.37634574885218569e+02
3.42831408690231399e+02
2.25831750198902853e+02
1.52802706673074056e+02
3.73365543128023546e+02
1.32938389015313135e+02
1.66284494693107462e+02
4.39777116291579148e+02
2.26171857680635867e+02
1.20058250655328393e+02
3.18769891664035583e+02
1.22676149088972323e+02
1.72338964539166255e+02
4.38984886371861819e+02
1.81886150372367695e+02
1.95641779839558978e+02
4.24472069788073668e+02
1.72005715435048671e+02
1.54375728790681592e+02
3.94618555774270135e+02
1.90584126084375356e+02
1.93445253313598670e+02
3.91970620602025804e+02
2.30395038205249222e+02
1.47522565172192060e+02
3.06082396622558690e+02
1.54374785867896009e+02
2.03907864231119930e+02
2.97717349900984118e+02
2.38841383135592395e+02
9.16838714869752494e+01
4.17474745377432271e+02
1.91209876844261970e+02
1.63515891292297852e+02
3.58274231863440207e+02
1.70571305502782110e+02
1.73090522504869483e+02
3.90338171992348521e+02
2.26061355838647302e+02
1.70507980334802028e+02
3.07430663826550472e+02
2.09748672747664784e+02
1.53008951210463181e+02
3.11242376041871751e+02
1.58454711332527154e+02
1.51629043147797375e+02
3.96916245519675215e+02
1.03367247340075878e+02
1.94522088813152635e+02
4.21110663846770876e+02
1.07678351358443592e+02
1.37369857868425584e+02
4.86951790773131222e+02
1.31412725158605411e+02
1.82276937919774326e+02
3.83310336921620319e+02
2.22579744034503364e+02
1.33547128951400964e+02
3.79873127014095644e+02
2.17732088136074537e+02
1.71111851333634320e+02
3.33156060530290802e+02
1.53324178301828141e+02
8.21698772404593711e+01
5.19505944457712758e+02
1.85157142415851894e+02
1.56979329773101057e+02
4.41863527811047504e+02
2.22103767504925742e+02
1.79454012927123557e+02
3.27442219567950417e+02
9.65312978679497178e+01
2.22193493989512007e+02
4.27275208142537849e+02
2.14372160993359756e+02
2.01593954782514260e+02
3.42033884224125927e+02
2.01458401560439540e+02
1.81455077850088088e+02
3.32086520589472514e+02
1.75478549329318326e+02
1.85078207461626420e+02
3.48443243209055311e+02
1.65458298915900457e+02
1.84661667462049280e+02
3.34880033622050462e+02
2.33779728379641966e+02
1.73236978288157445e+02
3.22983293332200958e+02
1.10222725338345342e+02
1.53904130362888424e+02
3.88873144298765567e+02
1.51964609750434960e+02
1.84006107500712801e+02
3.77029282748851983e+02
1.42029482224752257e+02
1.68121761849622743e+02
4.03848755925624062e+02
2.02977311771451525e+02
1.42557676217913894e+02
3.49465012010634894e+02
2.03668946987531911e+02
1.42251733041429929e+02
4.20079319971037819e+02
1.42000999241831096e+02
1.34114775368945743e+02
4.81884225389223218e+02
2.26354642217930888e+02
2.33166500639486003e+02
2.83478857142583422e+02
2.21256792725457274e+02
1.93981745962556204e+02
2.52761461311986352e+02
2.11772242377690731e+02
1.73085394245056563e+02
3.26142363377252764e+02
1.67107681894391987e+02
2.09696417373888409e+02
3.60195900731719348e+02
1.72438036491818707e+02
1.91442393667620507e+02
4.07119569840561041e+02
2.26227860781611753e+02
1.68870366318288006e+02
3.39901772900100013e+02
1.50655560974661142e+02
1.77790555265344580e+02
3.65553883759994108e+02
1.24797314528887341e+02
2.14340888473194013e+02
4.12861796997918191e+02
1.40171720461624233e+02
2.03638180767909120e+02
3.49190098770466989e+02
2.84298019822046740e+02
1.53333244689332901e+02
2.75368735488620359e+02
8.16917069476571243e+01
2.23813646711266500e+02
3.93494646341076191e+02
1.55613749394102285e+02
2.01734485565601318e+02
3.59651765040296652e+02
1.64669160348886152e+02
1.34253674915155614e+02
4.39077164735958718e+02
1.71457864188830769e+02
1.31924538512159813e+02
4.65617597299009162e+02
1.96719952419112161e+02
1.90720865679580470e+02
3.31559181901307682e+02
2.10836271476558608e+02
1.43189562704750188e+02
3.64974165818691063e+02
1.79722731859478728e+02
2.63042177431426921e+02
2.63235090709093754e+02
1.93170007443244600e+02
1.60163640274340253e+02
3.65666352282415630e+02
1.73693010723562622e+02
2.14780330371910225e+02
3.80526658904527551e+02
1.94560387676217033e+02
1.35902114143468708e+02
3.68537498180313492e+02
1.49564953992448409e+02
1.59004733074333842e+02
4.18430312933217351e+02
1.73771629203865189e+02
1.21651955931457152e+02
4.32576414864677872e+02
2.91311554736715721e+02
1.58494552809068693e+02
2.62193892454215131e+02
1.93163704252415471e+02
2.08137693750587772e+02
3.60698601996996899e+02
1.41956040542865026e+02
2.01216676411101759e+02
3.36827283046033529e+02
2.09117753562936002e+02
2.20228666876398222e+02
2.92653579560665719e+02
1.95552841670475374e+02
1.17299572235201978e+02
4.63147586094323003e+02
1.25358653009141975e+02
1.26111757642119798e+02
4.43529589348737659e+02
2.55634782179204819e+02
1.57621655272373090e+02
3.17743562548422346e+02
1.31515061648278561e+02
1.56638566943533561e+02
4.71846371408187792e+02
2.62278335305204621e+02
1.90008502586644283e+02
2.81713162108152062e+02
2.50519757902808436e+02
1.94149026822085602e+02
3.01331215275105706e+02
1.62823445955593826e+02
1.94632104529901795e+02
3.98544449514504720e+02
1.46468014469696527e+02
2.13348343108892095e+02
3.69183642421411662e+02
1.47661829291824262e+02
1.59575358684294315e+02
3.22762812023881338e+02
1.95563199098585017e+02
1.44227272666050908e+02
3.63209528235364019e+02
2.39912940104816215e+02
8.66900838006517489e+01
3.80396976094532249e+02
1.94097049571946656e+02
1.20870471937617083e+02
4.26032478490435949e+02
2.07532010851958432e+02
9.15682078338102627e+01
4.10899781314230893e+02
1.51514176883748974e+02
2.26461322685372295e+02
3.21024500430879243e+02
1.91214703826878832e+02
1.71427217506055712e+02
3.49358078667065513e+02
9.26619569696323424e+01
1.87520541500479652e+02
4.19817501529888602e+02
1.52168800834959995e+02
1.81195914222233995e+02
4.73635284942806209e+02
9.84072540858731344e+01
2.19301723633993191e+02
3.51291022280133575e+02
1.96596527443341841e+02
1.96705057990695309e+02
3.77698414565963162e+02
1.55348598344186541e+02
1.21172969747072500e+02
4.20478431908740959e+02
1.58835482743506418e+02
1.81474350168748487e+02
4.34690167087744896e+02
1.71025519116260114e+02
1.73978252725639152e+02
3.77996228158100848e+02
1.69724999400108885e+02
2.04543780382598925e+02
3.42731220217291764e+02
1.01872857029341560e+02
1.45804121010164636e+02
4.71323021960494202e+02
8.98063973108716027e+01
1.27989231507477612e+02
5.25204371181651254e+02
1.68530010193679260e+02
1.08832209623760448e+02
4.65637780182560391e+02
1.66277405783512506e+02
2.11813596723305693e+02
3.55908997493181687e+02
2.24684276382633584e+02
1.93906853065263306e+02
3.03408870552102996e+02
2.47674153668524269e+02
1.48743229955767134e+02
2.87582616375708653e+02
1.65382089697020575e+02
2.12579769142454353e+02
2.90038141160525129e+02
1.49811625149173011e+02
1.35516980514926587e+02
4.29671394335900629e+02
1.92909448286097188e+02
1.18415746467553205e+02
3.76674805246349194e+02
1.40767085479173403e+02
1.68304352891750852e+02
4.19928561629075659e+02
2.25267976317341834e+02
2.18867155415932245e+02
3.12864868266726319e+02
2.32672665461881138e+02
1.28642827828694436e+02
3.22684506709424454e+02
1.12251405712077315e+02
1.26823178503100763e+02
4.43925415784821894e+02
1.54397321215502501e+02
1.83392515063810748e+02
3.78210163720687490e+02
1.12971253555759532e+02
1.97092161668673754e+02
4.03936584775566587e+02
1.17710247484084164e+02
2.20538765417100592e+02
3.86750987098815415e+02
1.54765851418185775e+02
1.85206130417427630e+02
3.87028018164386879e+02
1.40535954544699649e+02
1.51778379032717254e+02
3.82685666422583154e+02
2.17174511004120546e+02
1.56022851556581969e+02
3.61802637439297541e+02
1.16443572767062861e+02
1.80340370087616492e+02
4.46216057145320178e+02
1.24855554489622520e+02
1.37324428165905061e+02
4.10820017344472546e+02
1.96157845846940177e+02
1.75636378253404018e+02
3.49205775899655634e+02
1.60399608490648291e+02
1.61749442566565449e+02
4.15850948942785692e+02
1.56801597277502594e+02
1.57504300412960475e+02
3.97694102309537016e+02
1.20231483366358958e+02
1.56812246732430509e+02
4.36956269901209851e+02
1.77403425349698267e+02
2.00082472493707428e+02
3.70514102156594220e+02
2.03530332093842446e+02
1.86489242774211817e+02
3.53980425131945481e+02
2.42524078753305361e+02
2.04806210081892118e+02
3.60669711164802322e+02
1.86373989499532343e+02
1.45866238419783087e+02
3.82759772080684797e+02
1.75593926338026449e+02
2.20986789005929893e+02
3.60419284656043658e+02
1.51310350190277887e+02
1.96706661610155493e+02
4.11982988199566876e+02
9.17710344886043572e+01
1.17082708445079987e+02
4.61146257066316480e+02
1.86807877908347876e+02
1.78253993544184709e+02
3.66938128547467329e+02
2.37223441269603796e+02
1.27191005934983082e+02
3.48585552795413321e+02
1.10936536469883208e+02
1.36494210236008712e+02
4.38569253294107909e+02
2.41106661686616434e+02
1.94820780487839670e+02
2.88072557825543640e+02
1.62793556315360149e+02
1.17385303470523326e+02
4.15821140214116895e+02
2.33530557490127791e+02
1.52149317370553007e+02
3.70320125139319430e+02
1.98426606505321530e+02
1.64666571618175425e+02
3.65906821876502875e+02
1.17621408774706907e+02
1.67568698301512342e+02
4.87809892923780694e+02
1.81346944408823532e+02
1.66276101384492733e+02
3.39376954206683365e+02
1.63252644158722859e+02
2.30779305386141090e+02
3.50968050455136336e+02
2.27740550432380701e+02
1.26809116195377811e+02
3.36450333372241403e+02
1.99038664995505911e+02
1.80954695381434732e+02
3.97006639623059129e+02
1.59672269203675512e+02
1.82879471340646603e+02
3.60448259455677658e+02
1.62460795098213708e+02
1.99656799673232740e+02
3.13882405228553466e+02
1.45110325872748149e+02
1.61436149512654538e+02
4.28453524614597541e+02
1.66938098772169212e+02
1.87698858821628392e+02
4.16363042406201544e+02
1.64566388770241588e+02
1.84969041123229090e+02
3.19464570106529152e+02
1.40362684106191665e+02
1.60760305677962208e+02
3.62877010215845871e+02
1.70904160879710503e+02
1.95862611320671192e+02
3.24233227799618135e+02
1.26515096673983010e+02
1.55227612966898079e+02
4.16257290359119111e+02
1.12765580881308864e+02
1.48138528330923066e+02
4.74095890787768269e+02
1.29227744801399297e+02
1.94229618794185313e+02
3.67542636404415873e+02
2.20081033918942126e+02
1.28935335613597374e+02
3.60983630467460387e+02
1.96912023481784416e+02
1.93151274689388828e+02
3.08936701828826642e+02
1.95356136992177056e+02
2.04990246455474420e+02
2.74653616552348410e+02
1.49899144725078457e+02
2.18302522429683023e+02
3.45798332845238178e+02
1.70662155333192658e+02
1.59470991367483862e+02
3.93866853299323623e+02
1.59912302081400526e+02
2.12649342453126650e+02
2.89438355465472966e+02
2.45787253441292677e+02
1.66435149976124592e+02
3.22777596582582646e+02
1.91743213828064825e+02
2.15991118747011285e+02
2.88265667424924061e+02
1.65430001818568286e+02
2.08361806456050175e+02
3.21208191725381937e+02
1.27151470577305531e+02
8.78040097258988936e+01
4.87044519696795646e+02
1.67707219624016375e+02
1.74886702404386654e+02
3.37406077971596972e+02
1.55312696163683540e+02
1.29757350431774654e+02
4.00929953404542175e+02
1.00189612342431502e+02
1.66061033898747183e+02
4.62749353758821428e+02
1.62890941228292320e+02
1.80767049132093234e+02
4.14342009639614048e+02
2.06719255929924230e+02
1.88765683289495627e+02
3.19515060780580257e+02
1.83088870561190816e+02
1.78728816122405647e+02
3.42182313316403963e+02
2.11525728144257727e+02
1.50549837951644548e+02
3.56924433904097441e+02
2.09013400013890418e+02
1.56097734209134046e+02
3.12888865776975933e+02
1.36127725888881230e+02
1.62328989153090674e+02
4.33543284958027868e+02
1.00916086923590598e+02
1.79331389875055493e+02
4.05752523201352972e+02
1.72900839661854206e+02
1.54726682678016971e+02
3.77372477660128880e+02
2.10244905417912520e+02
9.70670528261286734e+01
4.18688041755958409e+02
1.34106884478375349e+02
1.33250581931917139e+02
4.46642533589707796e+02
1.57108761533370171e+02
2.21239848143677591e+02
3.19651390322952068e+02
1.72918871062974887e+02
1.40285514786816918e+02
4.13795614150208905e+02
1.10815891584447769e+02
1.31150700192888991e+02
5.09033408222662615e+02
1.71870248525357511e+02
2.03299605844903567e+02
3.75830145629738979e+02
1.57590852043748129e+02
1.91795584226686458e+02
3.76613563729565612e+02
1.35094186283483566e+02
1.19487220760228254e+02
4.42418592956288023e+02
1.20293942134085270e+02
1.71286344581480733e+02
4.24419713284433385e+02
1.54210637904141464e+02
1.80844262667482354e+02
3.85945099428376579e+02
2.17618893503743294e+02
1.41544878988223331e+02
3.95836227508033403e+02
2.41032529110063962e+02
1.40198477626461283e+02
3.33768993263474783e+02
8.50710973429747952e+01
1.33335328441000541e+02
5.06593574216025047e+02
2.28570374159336552e+02
1.90532130293386075e+02
3.00897495547277572e+02
1.64063411982661307e+02
1.71470159689732526e+02
3.84466428327606081e+02
1.53399594770681546e+02
1.42797284159884043e+02
4.10803121069433530e+02
1.72545540487874575e+02
1.55231121040229027e+02
3.84223338471895886e+02
1.45485369097092274e+02
2.04945096305738872e+02
3.34569534597168968e+02
1.63836075214950426e+02
1.87917090807496635e+02
4.06246833977552171e+02
2.11472547227535813e+02
1.48386639415507773e+02
3.76140813356956585e+02
1.49239044100835230e+02
1.49823258098828063e+02
3.67937697800336309e+02
2.58792600725812974e+02
1.62594384236479783e+02
2.97613015037707555e+02
1.17392767129958131e+02
1.43365775633623599e+02
4.38241457236417887e+02
1.96636615847498661e+02
1.75329737416968726e+02
3.08033646735532727e+02
1.87458427703908569e+02
2.03598702687484746e+02
3.49942869608606429e+02
1.96583099993250016e+02
1.87853362727032646e+02
3.45563537279717025e+02
1.58158401106743270e+02
1.77502181721058719e+02
4.17339417172198239e+02
1.45326289798916292e+02
1.58343427988597597e+02
4.30330282212485770e+02
2.19445206608255603e+02
1.59948623632723695e+02
3.16606169759020986e+02
2.54079253251964190e+02
9.96783385670904494e+01
3.42242408180945233e+02
2.29622856227632525e+02
1.57366314078979599e+02
3.42010829693387620e+02
2.02460768558090052e+02
1.24326119240882576e+02
4.19213112201026775e+02
1.02126673512884096e+02
1.29145331652160934e+02
4.21727994834954814e+02
1.99001961805117929e+02
1.96813298443776205e+02
3.68184739751105894e+02
1.65278081521177000e+02
1.56412527857907776e+02
4.09309390620915224e+02
1.79871522372398346e+02
1.16330530554039228e+02
3.92797947073562682e+02
1.08802532934042304e+02
1.98459777472432052e+02
3.92737689593525658e+02
2.00949236599222843e+02
1.24791653926963633e+02
3.68259109473813623e+02
2.11804505466468953e+02
1.75510956219166104e+02
2.88684538314364772e+02
2.12577569301298269e+02
2.05820368580859622e+02
3.50602062117841967e+02
1.05095996371135655e+02
2.32296305706605807e+02
4.13607697922258524e+02
1.76872524141868098e+02
1.66745732310250304e+02
3.67381743547881683e+02
1.07341148498117903e+02
1.62922316511108164e+02
4.58736534990774203e+02
1.89407574547906165e+02
1.51401596407005883e+02
4.16190829045087753e+02
1.62733762553320844e+02
1.48484173116725600e+02
4.34782064329953016e+02
1.67149902766297487e+02
1.02151295390319177e+02
4.57698801843383421e+02
1.39007646462725262e+02
2.12475241705514321e+02
3.71517111831760758e+02
1.68510263115585417e+02
2.14668327685988203e+02
3.33821409198426579e+02
1.16442650170980954e+02
2.05545706187219025e+02
3.93011643641799878e+02
1.39975408166185161e+02
1.43271118414825963e+02
4.31753473418988563e+02
1.88101331379769505e+02
1.86020183837805860e+02
4.05878484782424323e+02
2.50822445344753902e+02
1.17200622215514628e+02
3.54976932439732082e+02
1.89122576129232698e+02
1.71498019857846941e+02
3.94379404012920247e+02
1.53354373491115695e+02
2.38687826951767448e+02
3.46957799557116573e+02
2.45864487132465285e+02
7.38692203959557787e+01
3.81266292471579050e+02
1.94933329509413255e+02
1.85898952952087228e+02
3.19167717538499232e+02
1.80018535761317395e+02
1.47926899482882646e+02
3.15054564755799674e+02
1.92299622939837548e+02
1.70492425683561947e+02
3.86207951376600818e+02
1.51624663051800695e+02
1.26263095269678331e+02
4.12112241678520775e+02
1.25279573473296466e+02
1.89082868543811287e+02
4.17637557982892076e+02
1.27574414155114710e+02
1.90052260475762296e+02
3.87373325369122711e+02
1.24349061044860676e+02
1.33216463745677601e+02
4.56434475209462221e+02
1.01275738680548557e+02
1.52339243034610121e+02
4.22385018284841522e+02
2.18090091373374520e+02
1.52833791926602032e+02
3.76076116700022851e+02
1.83721788494192140e+02
1.66846208872396460e+02
3.63432002633411457e+02
2.14036178284800314e+02
1.37744422262789499e+02
3.88219399452410471e+02
1.28283474347938352e+02
1.65404408168252189e+02
3.92312117483810198e+02
1.03815741197411512e+02
1.34801517672513199e+02
4.55382741130074919e+02
1.85062339639231112e+02
1.95709871811281829e+02
3.56227788549487059e+02
2.23977194834886006e+02
2.16791363971362188e+02
2.85231441193751834e+02
1.71582931616926459e+02
1.62827514092394722e+02
3.81589554290679075e+02
2.11741938528528948e+02
1.44830338755286675e+02
4.03427722716184746e+02
1.31805794947142033e+02
2.30894955283687835e+02
3.40299249769169762e+02
1.41258933504716936e+02
2.39956027721507866e+02
3.52785038773774488e+02
1.40721927484914147e+02
1.81157624612828869e+02
3.91120447902257126e+02
1.87333555991841365e+02
2.01362409819650964e+02
3.00304034188507728e+02
9.29964468674821489e+01
1.65672446140151635e+02
4.86331106992366131e+02
1.16891619795504113e+02
2.45700465428034050e+02
3.42407914776462178e+02
2.12578253346551804e+02
1.31873671345761409e+02
3.99548075307686702e+02
2.18258453411912228e+02
1.61630868971302050e+02
3.25110677616785608e+02
1.78412130135500007e+02
2.06102593380071085e+02
3.92485276484429107e+02
1.42069002948074854e+02
1.37400474158164457e+02
3.94530522893760690e+02
1.27285210765745759e+02
2.26717433997538933e+02
3.87997355236715180e+02
1.01817139406906350e+02
2.43027090397161089e+02
4.64155770195932860e+02
1.93883849029928996e+02
1.21508466814124972e+02
4.15607684155946060e+02
1.48582102483981544e+02
2.04229563491655426e+02
3.86188334024363201e+02
1.83184561376997920e+02
1.34695833080818517e+02
3.77119605542184047e+02
1.35549674298064900e+02
1.71131021949758235e+02
3.98319303752176438e+02
7.52082632526035013e+01
2.38793615604491748e+02
3.52998121142904608e+02
1.58438330192684191e+02
2.03838451949370040e+02
3.33723217857945770e+02
2.12261163185464795e+02
2.21380408810182047e+02
3.04358428004353300e+02
1.93015119433053883e+02
1.75626866663483014e+02
3.32358013903462904e+02
2.33534420385403877e+02
1.80952826366506912e+02
2.67512753248089439e+02
1.71816903050283628e+02
1.92451700227368917e+02
3.87731396722348165e+02
1.77898019073618542e+02
1.51180930879751713e+02
3.83921050046628864e+02
1.45046377635186701e+02
1.33374526929362872e+02
4.53579095435450654e+02
1.69041645523752209e+02
2.06016747566842440e+02
3.50941606909405380e+02
1.30551960167843617e+02
1.88383536026079213e+02
3.94064503806077141e+02
1.50093406203297519e+02
1.58657897286118441e+02
3.88248696510583784e+02
1.25374183548184789e+02
2.20894523852243395e+02
3.47731292599571645e+02
1.61818114623405080e+02
1.52080878799113918e+02
3.94101006577481144e+02
1.53705666555455423e+02
1.16595922687719238e+02
4.10698410756825297e+02
1.90379639184453708e+02
1.26492400373511146e+02
4.09127960442035260e+02
1.92961901204823505e+02
2.21743177405169604e+02
3.04294921390006891e+02
1.35418404378689445e+02
1.03463349871409605e+02
4.73118245749900950e+02
2.47700506542613425e+02
9.99176238105579984e+01
3.62381869646828591e+02
1.46475026575513880e+02
1.97893650440977837e+02
3.80631322983508369e+02
9.78679147730144905e+01
2.36968125633891844e+02
3.68163959593093352e+02
1.94905673759262328e+02
2.46722354372955067e+02
3.18371971867782804e+02
1.69747782254674121e+02
2.14554269368189949e+02
2.92697948377135788e+02
1.97628486922670987e+02
1.63410353324198041e+02
3.32961159753131142e+02
1.33564274671751662e+02
1.14319855913714989e+02
4.61115869414533165e+02
1.65249448505548230e+02
1.25786385634129118e+02
4.68964165860322623e+02
1.81701123978338188e+02
1.69939662569984421e+02
3.73359213451677135e+02
1.46799271413975930e+02
1.95219649143166208e+02
3.55981079442857947e+02
2.40810981323144688e+02
1.52786466342891060e+02
3.72402552333963740e+02
1.44649624858589391e+02
1.78439837379912376e+02
4.07910537761498176e+02
1.60789981194732349e+02
1.23703368708293596e+02
3.93506650096974283e+02
2.58635794689676288e+02
1.61939269879436523e+02
3.18424935430887331e+02
1.16607797589621867e+02
1.05632567140693482e+02
4.92759635269684793e+02
2.02663934832881779e+02
1.93476590992206013e+02
3.45859474174912748e+02
1.79121921627768813e+02
1.36836762945136115e+02
4.02041315427095128e+02
1.79986366956686169e+02
1.26754608615763516e+02
4.30259024427550116e+02
1.14840584947637240e+02
1.37835561641001192e+02
4.20323853411361483e+02
1.38268467898801134e+02
1.18853302019853984e+02
4.13878230081345066e+02
1.32815608599865129e+02
1.32886165214893140e+02
4.64298226185241731e+02
1.30432569401184566e+02
2.02744879957289186e+02
4.02822550641526504e+02
1.33859201456560839e+02
1.72714531350736820e+02
4.17426267192702255e+02
2.09064303709074153e+02
1.20399597879236779e+02
3.52536098411688613e+02
1.19063377818757544e+02
7.62091068526914910e+01
4.87727515328550680e+02
1.91061976764787374e+02
1.90550622160589995e+02
3.84387401074622971e+02
1.84848281565880370e+02
1.17849965548374442e+02
4.43301752885745373e+02
1.83194044849478416e+02
1.54834286045499312e+02
4.41971669105022556e+02
9.12456149331459301e+01
1.23903205506318017e+02
4.59851179560536082e+02
1.42784841469670653e+02
1.60857204555582854e+02
3.76357953974746238e+02
1.00500588617255460e+02
2.29142391735496858e+02
3.72357019647247455e+02
1.70508513785956097e+02
2.28402489214217553e+02
3.01088996999826406e+02
1.62991562728718833e+02
1.82075694181513427e+02
4.23932743089767769e+02
2.12980437392937006e+02
2.21885914977127044e+02
3.47133647629936377e+02
2.33913252656832213e+02
1.75978759074158518e+02
3.07107988269009468e+02
2.26260724212347753e+02
1.56057112901297586e+02
3.47682162886354774e+02
1.90000373269733529e+02
1.70028525162370642e+02
3.62971101567895801e+02
2.09226163540730852e+02
8.59062356587541558e+01
3.99867600800515675e+02
1.40108990246042310e+02
2.47465426140085924e+02
3.47425583613871765e+02
1.12838562368162528e+02
1.96753388293488541e+02
3.65408049338349372e+02
1.64635659295238469e+02
1.48139018343120370e+02
4.15225322361640281e+02
1.82413409783617112e+02
1.14981572938133908e+02
4.21605017278249193e+02
1.25755834983384005e+02
1.92934671409384066e+02
3.69309493607231843e+02
1.84895455263133329e+02
1.12393330617019430e+02
4.36711214119846943e+02
2.07799212684326704e+02
1.60622910176397085e+02
3.51577877139276325e+02
1.91084669510582927e+02
2.00493483823715593e+02
3.48421846665701594e+02
1.43821385867577362e+02
1.54388510812840678e+02
3.91790103319581874e+02
1.61299664893551920e+02
1.68835205034656610e+02
3.05865130071791555e+02
1.67948185194798356e+02
1.08566439750177665e+02
4.28485375055023837e+02
1.59421554929886128e+02
8.54765439267185627e+01
5.05101901143395025e+02
1.71060295041720934e+02
1.94776471746023674e+02
4.49163233212255307e+02
1.45947921181736234e+02
2.09274812831654998e+02
3.41777265986608313e+02
2.85110834376548496e+02
1.28979614170757941e+02
3.24909551452692767e+02
9.79067947254242910e+01
1.89618478882504462e+02
4.03474726392071432e+02
1.67322186936193191e+02
2.34898775837667841e+02
2.98779037226139224e+02
1.28187883049285290e+02
1.66239810552855175e+02
3.99572306397859506e+02
1.71082544341679323e+02
1.75911355879209367e+02
3.58006099779111196e+02
1.56514890485585994e+02
1.65616901704301455e+02
4.14868207810112722e+02
1.13023977256922862e+02
1.58773870337138703e+02
4.47202152405938477e+02
3.80958959197542640e+02
1.48733047780830333e+02
1.61307993021626885e+02
4.39947290788769863e+02
1.46157455989283790e+02
1.74895253221946490e+02
4.01666208386168194e+02
1.18785263011186203e+02
1.88548528602645945e+02
4.24619998392582374e+02
1.55331335946875555e+02
1.94048665660541616e+02
5.09719992344959849e+02
1.40219495012409254e+02
1.44060512642630755e+02
2.99975389166929119e+02
2.54352394703238701e+02
2.24672216129832009e+02
4.02100784866997230e+02
1.98782191544927457e+02
1.98117023588075995e+02
4.65320854452658295e+02
1.53990745339225384e+02
1.47688400208116349e+02
4.45215374810991193e+02
1.49984907506346588e+02
1.41799717682662219e+02
3.89564857508422904e+02
1.44200872884360166e+02
1.87234269607216504e+02
3.08592933092509270e+02
1.40065364405466084e+02
2.38341702502024503e+02
4.19959056199495024e+02
2.38847077434026374e+02
7.71938663664788010e+01
4.35178171658980773e+02
1.95734099046275816e+02
1.22087729294743099e+02
3.83420408283751556e+02
1.45871695141516710e+02
2.10707896574732047e+02
4.20969406429433604e+02
1.97672714159650326e+02
1.12357879410916183e+02
3.96102561634828930e+02
1.39565213468086398e+02
2.28332224897084814e+02
3.41873320813555324e+02
1.73115147018696234e+02
2.59011532167748385e+02
3.94887032339341431e+02
1.88559779813481668e+02
1.69553187847176474e+02
3.84653783184764791e+02
1.92967877960220846e+02
1.77378338855014221e+02
4.25071623963569209e+02
2.04580474639241970e+02
1.16347901397189176e+02
4.67760669336154308e+02
1.61963763555579106e+02
1.63275567108265989e+02
3.48815824960828934e+02
1.56506883850585410e+02
1.47677291188585485e+02
3.59457474872354510e+02
1.46153847246788558e+02
2.14388677880856847e+02
4.46147278466444334e+02
1.41373326302326433e+02
1.55479395231228864e+02
3.86726128429031689e+02
1.69879257116728468e+02
1.55394614454239388e+02
3.97382617734436451e+02
1.96700379083540867e+02
1.79917003182022768e+02
4.48268952469204635e+02
1.77104221072598904e+02
1.88626826458196348e+02
4.16924586351874154e+02
1.08300501354106217e+02
1.66774912294019771e+02
4.33456029565179449e+02
1.06862136877362445e+02
1.94681833557458305e+02
3.16466723397187252e+02
2.72860119845214513e+02
1.57673156757598520e+02
2.80097784906986874e+02
2.86984517634347014e+02
2.03917697458666453e+02
4.59212803213290272e+02
1.51906367676454039e+02
1.57880829110255604e+02
3.28483521316551901e+02
1.86576037199597863e+02
2.22940441483850577e+02
4.33834572079237375e+02
1.63547031741807558e+02
1.42618396178954157e+02
3.12662522568956035e+02
1.73260122047340957e+02
2.61077355383703264e+02
3.49161046214408429e+02
2.12074181322572201e+02
1.34764772463019739e+02
4.74826805214680121e+02
1.81317361136703909e+02
1.57855833648614521e+02
4.49077216101375086e+02
1.57691306292293262e+02
1.20231477606331424e+02
3.07951257673467921e+02
1.24496126882815162e+02
2.76552615443717116e+02
3.83952902201593645e+02
1.62651743042344862e+02
1.82395354756061295e+02
4.11699880478300713e+02
9.72347933709582577e+01
2.11065326150741242e+02
3.12107697156301811e+02
2.04888499409586160e+02
1.70003803434111177e+02
4.68904902543626804e+02
1.79422845555984111e+02
1.20672251900388986e+02
4.70949254202104896e+02
1.83845532264086586e+02
1.22205213533808362e+02
3.80648425148313208e+02
1.11922407504863614e+02
2.20429167346822993e+02
4.27076622694683124e+02
1.74572522867725695e+02
1.69350854437591209e+02
4.28039955505857733e+02
1.13788019974353631e+02
1.76172024519789062e+02
5.67641289738672981e+02
1.20882790058751070e+02
8.64759202025758071e+01
4.19568619076922630e+02
1.86272075851929856e+02
1.52159305071146747e+02
4.72422763398936411e+02
1.03469545890330409e+02
1.62107690710732669e+02
4.53102780157305858e+02
1.15736084086099567e+02
1.98161135756595030e+02
3.89799290453412880e+02
1.77359167501086517e+02
1.99841542045500290e+02
4.36558123442090903e+02
2.03940785590677820e+02
1.49501090967231278e+02
3.40578344717597702e+02
1.70218349533850642e+02
2.31203305748551543e+02
4.40962329673607485e+02
1.33256227700178442e+02
1.66781442626214726e+02
3.82305226610859222e+02
1.31356027859377321e+02
1.66338745529763003e+02
4.26762885177285511e+02
1.09677463667906238e+02
1.47559651154808137e+02
3.70951275413288670e+02
1.69944850140386166e+02
2.12103874446325250e+02
3.66531056237321934e+02
1.67103638766954106e+02
2.01365304995724216e+02
4.37901320236960998e+02
1.85902659796288873e+02
1.38196019966749475e+02
3.58816273366049757e+02
2.31739516429503936e+02
1.68444210204446705e+02
3.50831136136027510e+02
1.71381989601122825e+02
1.76786874262849608e+02
4.00213390270992591e+02
2.08889962350023552e+02
1.15896647378984355e+02
3.84752820606912962e+02
2.19644621016381763e+02
1.20602558376705090e+02
3.30604114144479695e+02
2.17446993959014378e+02
1.70948891896505614e+02
3.87609962224203969e+02
1.87874093663929585e+02
1.42515944111866645e+02
3.95640504455340761e+02
1.52828413420575032e+02
1.87531082124084435e+02
3.26998477623758106e+02
2.12187338531489189e+02
2.09814183844753302e+02
4.09890223963857522e+02
2.22450702889703990e+02
1.49659073146438487e+02
4.07328122295717151e+02
1.56544649755830079e+02
1.42127227948453196e+02
3.83159005547574225e+02
1.74582777259658968e+02
1.49258217192766210e+02
4.25122450925277462e+02
1.55740289244991942e+02
1.58137259829730425e+02
3.38945655071292435e+02
2.63628724108407425e+02
1.78425620820300367e+02
4.00675006115694487e+02
1.54660825795415576e+02
2.02664168088889653e+02
3.64508326852638959e+02
1.85943731704290201e+02
1.70547941443070926e+02
5.39310362740318624e+02
1.45687236101350578e+02
7.20024011583311960e+01
4.32786554580322672e+02
1.85082373584705778e+02
2.01131071834972431e+02
4.38914042200587289e+02
1.68989536563050052e+02
1.63096421236362289e+02
3.64361044567573970e+02
2.21122298366152762e+02
1.57516657066272955e+02
4.58915019251105605e+02
1.21516166257423322e+02
1.42568814491470931e+02
3.76093753337006092e+02
1.28934228053964432e+02
1.72972018609029703e+02
4.21247059380604924e+02
2.07222519146819451e+02
1.15530421472575640e+02
3.89967546724964961e+02
1.92126581537643858e+02
1.74905871737390981e+02
3.87156992128538320e+02
1.99825291097129849e+02
1.76017716774331831e+02
3.69684687453292099e+02
2.30272339981754556e+02
1.29042972564953175e+02
3.02403013953918617e+02
2.18690253950144182e+02
1.78906732095936604e+02
4.12257676611799582e+02
1.79333324318295212e+02
1.42408999069904581e+02
3.43481034101635942e+02
2.03247364093593603e+02
1.66271601804770654e+02
4.00068432044168617e+02
1.27187976771638972e+02
2.04743591184192212e+02
4.26433512284110463e+02
1.51531434532945951e+02
1.71035053182944040e+02
3.96585416401399073e+02
1.87526127447376751e+02
1.60888456151223807e+02
3.68699742759642675e+02
1.90883780284378673e+02
1.65416476955978055e+02
3.40244400424876574e+02
1.74829098514190321e+02
2.61926501060933106e+02
4.28656659633649667e+02
1.55601782581822619e+02
1.64741557784527544e+02
4.62181148945504617e+02
1.17988761508166903e+02
1.81830089546328196e+02
4.30420339697518614e+02
1.91367101170534312e+02
1.29212559131947359e+02
4.04580610772494367e+02
1.55283697054409743e+02
2.00135692173095379e+02
4.21315793085709856e+02
2.00552106078610052e+02
1.36132100835680546e+02
4.43323186738360960e+02
1.36469455980930434e+02
1.57207357280708806e+02
3.58896609642430462e+02
2.23747489064802721e+02
1.65355901292766760e+02
3.22156943257492742e+02
1.63111985902978120e+02
2.42731070839528712e+02
4.16649543427648496e+02
1.59475617004789711e+02
1.87874839567561850e+02
4.51468189084062601e+02
1.97544391018711480e+02
1.13987419897225791e+02
3.70087229824324083e+02
1.96261081701981482e+02
1.53651688473694776e+02
4.68846284792051847e+02
1.12982062803565370e+02
1.26171652404382868e+02
4.12646317343497287e+02
1.49991662906780334e+02
2.09362019749722634e+02
4.13201814734785444e+02
1.89239832324559131e+02
1.14558352940655212e+02
4.30581993653105656e+02
2.02975414685398050e+02
9.84425916614963512e+01
3.50292751362577576e+02
1.50677863873910212e+02
2.16029384763512240e+02
4.33646683854311163e+02
1.69139279882961517e+02
1.61214036262727944e+02
3.53920781478358094e+02
2.51110276438967702e+02
1.51968942082674516e+02
4.02711351026278805e+02
1.33505795268229605e+02
2.19782853705491732e+02
3.95516174825158430e+02
1.39009789505888165e+02
1.80474035668953690e+02
4.40714388477912223e+02
1.56021999905868057e+02
1.69263611616219436e+02
4.73959452966432650e+02
1.25016428180507347e+02
1.36024118853059974e+02
3.89871260850949909e+02
1.79801494275318987e+02
2.04327244873730876e+02
3.84537617159341607e+02
1.61484927393657159e+02
1.72977455447000892e+02
4.19106876167212874e+02
1.84918670371204598e+02
1.21974453461582868e+02
4.11981972956329741e+02
1.74911227777449113e+02
1.68106799266221088e+02
3.06761086944374597e+02
2.38119494569617302e+02
1.53119418486007874e+02
3.17924582973524991e+02
2.49954017545029501e+02
1.97121399481445707e+02
4.15633121862665860e+02
1.85047923250170697e+02
1.32318954887162846e+02
3.35538878350918310e+02
1.59474609930101195e+02
2.38986511718981092e+02
4.16608401456243826e+02
1.75649831830936165e+02
1.91741766712820436e+02
4.23975462454980914e+02
1.73548499042781856e+02
1.59476038502236946e+02
3.73461701182967658e+02
1.11949464669930379e+02
2.25588834147101977e+02
4.03216506404645088e+02
1.30751032960441194e+02
2.02032460634913207e+02
4.18165579440679721e+02
1.15022589171501608e+02
2.04811831387818245e+02
4.07882860436903400e+02
1.36966439208859242e+02
2.38150700354237472e+02
3.33211200101615930e+02
1.58715993740916787e+02
2.07072806157466943e+02
4.67713871424561603e+02
1.45544180497182907e+02
1.60741948078255263e+02
4.42714540700881969e+02
1.37799932176864644e+02
1.54485527122253501e+02
2.64075107548879203e+02
1.57358154172985792e+02
2.86566738278135404e+02
3.97794249069378395e+02
1.36493527761255336e+02
1.58712223169366439e+02
2.90757144363107898e+02
2.30279856612739479e+02
2.44962999024152481e+02
4.75560544736141253e+02
6.85094206268549328e+01
1.62930034637003985e+02
3.40315731460720428e+02
2.43448235852949097e+02
1.57236032686330446e+02
3.85979892915354696e+02
1.55994349377433167e+02
1.25025757707212250e+02
4.23351432790354409e+02
1.51213414613483963e+02
1.56435152596161345e+02
3.96650856650140952e+02
2.18783245456548713e+02
1.11565897893310222e+02
4.23820024127417355e+02
1.74857288139031880e+02
1.83322687733551447e+02
3.87391522942347422e+02
1.39623315129941034e+02
1.82985161927711118e+02
4.72275491937370475e+02
1.02235321851521661e+02
1.85489186211107551e+02
4.48468114092694179e+02
1.71858566789174290e+02
1.31673319118131189e+02
4.39189454008409200e+02
1.16953928562802275e+02
1.75856617428788525e+02
4.07244019439025692e+02
2.05356772634509980e+02
1.20399207926463845e+02
3.40747291306040552e+02
1.60814992351271229e+02
1.94437716342688276e+02
3.70623235612412088e+02
2.09064370267081557e+02
1.71312394120506212e+02
4.46952959597148038e+02
1.56574470272955040e+02
1.16472570129896894e+02
3.81105647087582270e+02
1.77729636090645755e+02
2.18164716821772174e+02
3.76911501794807180e+02
1.51441866239629917e+02
1.53646631965562733e+02
3.82641000694547756e+02
1.79224485098902079e+02
1.74134514206549738e+02
4.64154984531242235e+02
5.65953933535617537e+01
1.89249622115196047e+02
3.32587483564833406e+02
2.04344717009752230e+02
2.41067799425414080e+02
4.43851170863129028e+02
1.73398745899621304e+02
1.40750083237249498e+02
3.37860266836573544e+02
1.57656639903945575e+02
2.11483093259480853e+02
3.63010297599730222e+02
2.02592319510298267e+02
1.51397382889971368e+02
4.27215875884895979e+02
1.28411504638807855e+02
1.51372619476296450e+02
4.25847238472141555e+02
1.55522618809546316e+02
1.40630142718312328e+02
3.97297851311544719e+02
1.96566316609209707e+02
1.92135832079245375e+02
3.98903363800489899e+02
2.18447079769476829e+02
1.24649556430033286e+02
3.91714565783056855e+02
1.04728403657857527e+02
2.63557030559085831e+02
3.40483760184642961e+02
2.26723034964835591e+02
1.49793204850521164e+02
3.11744601717498654e+02
2.24498004466718555e+02
1.82757393815782677e+02
4.07004308572029515e+02
1.41359282684520934e+02
1.95636408743449380e+02
4.13233447852942277e+02
1.26219275244245466e+02
1.95547276902812513e+02
4.72900127723508376e+02
1.54262004988825453e+02
1.36837867287666626e+02
3.72234992650617812e+02
1.73003367919195853e+02
2.37761639430186477e+02
4.10936050008026314e+02
1.32324401971338460e+02
1.94739548020634714e+02
4.58725569973083111e+02
1.63038124431686128e+02
1.40236305595231045e+02
4.09416191568042734e+02
1.43914713621856095e+02
1.91669094810101285e+02
4.09121482303189453e+02
1.56784644956757802e+02
1.18093872740052888e+02
3.95030773357157102e+02
2.09655806253403057e+02
1.81313420389439671e+02
4.37005488406361394e+02
1.71095155425494653e+02
1.37899356168143498e+02
4.29427284564372144e+02
1.31580095134572161e+02
1.57992620301055155e+02
4.84632864691994314e+02
1.43417667519258060e+02
1.79949467788747967e+02
4.46585193183642502e+02
1.58319716878605249e+02
1.27095089937752135e+02
4.26354021998049802e+02
1.53828015159297792e+02
1.48817962842652179e+02
4.38536199184554505e+02
2.18949782254619834e+02
1.53514018560825718e+02
3.50465147017540573e+02
1.62662312376128483e+02
2.21872540606331341e+02
4.03742469949441954e+02
1.23521195207015623e+02
2.02736334843542295e+02
3.92100719117223491e+02
1.52768802896017746e+02
1.55130477986758336e+02
4.28086587487499742e+02
1.43100290411298715e+02
1.22813122101201671e+02
5.01618186049888607e+02
1.15732224507525601e+02
1.02649589442586290e+02
3.94376589717240392e+02
2.17458727590003718e+02
1.45164682692755434e+02
3.40770488066861105e+02
1.67727454318439499e+02
2.56502057614699652e+02
4.30857012221173875e+02
1.55695509433452031e+02
1.79447478345375032e+02
4.50069007944791792e+02
1.29199265973338015e+02
1.44731726081870704e+02
4.73190123018606471e+02
1.45657153878335123e+02
1.34152723103059031e+02
3.56280529680820166e+02
2.09458939663040155e+02
2.23260530656139281e+02
4.21235612178009035e+02
1.93737940758813210e+02
1.12026447063177585e+02
4.19116727469529735e+02
1.63565315390503883e+02
1.36317957139966779e+02
3.51041033604257507e+02
2.07984604740536014e+02
2.14974361655206195e+02
3.95641229439013387e+02
2.06627353222009305e+02
1.25731417338977153e+02
4.07960600485294094e+02
1.57060634230885881e+02
1.95978765283819797e+02
4.33544472886562517e+02
1.44288700217837146e+02
1.83166826895600508e+02
4.75335723312762241e+02
1.47877807555007138e+02
1.00786469132230366e+02
3.38104272528023785e+02
2.25221277314005846e+02
1.45674450157970227e+02
3.72924214674155223e+02
1.63759211065599345e+02
2.04316574260245744e+02
3.97214627240028506e+02
1.60408966769768142e+02
1.75376405990203210e+02
3.70598020536749004e+02
1.52056322039827791e+02
1.91345657423423518e+02
4.17673200401023905e+02
1.02230585141655709e+02
2.41096214457320372e+02
3.79446956046550383e+02
1.93020224677064078e+02
1.86532819276386306e+02
4.15016986203030626e+02
2.36128262253593988e+02
8.28547515433753574e+01
3.56489304343185267e+02
2.96036776165416313e+02
1.21473919491397879e+02
2.64415729487088015e+02
1.83221778895294790e+02
2.79362491617617081e+02
4.47837542434390855e+02
1.51303549145535953e+02
1.51858908420073078e+02
4.25154196243233287e+02
1.56619400319608275e+02
1.51226403437158154e+02
5.31081188999118694e+02
1.47724370820004623e+02
8.91944401808767964e+01
3.76540266985534004e+02
1.82179140380845837e+02
2.01280592633620614e+02
4.74513175479689039e+02
1.61650426400629669e+02
1.47836398119681206e+02
3.30477706841896691e+02
1.89591673721706542e+02
2.39930619436396569e+02
4.23921494996107356e+02
2.08925317572469055e+02
1.14153187431423859e+02
3.18785883990980551e+02
2.39857813293759733e+02
2.13356302715260000e+02
4.79265932571397400e+02
1.52740825224153951e+02
8.99932422044490608e+01
4.33470551699910345e+02
1.91667635304246573e+02
1.41861812995842740e+02
3.83273519305379409e+02
1.90485106346360823e+02
1.50241374348259598e+02
3.36005376822310780e+02
1.53492261563764544e+02
2.34502361613924649e+02
4.42420601845724434e+02
1.11071366171779061e+02
2.14508031982496902e+02
3.31871067605173607e+02
1.70824723665427030e+02
2.17304208729399846e+02
4.61559424115923093e+02
1.96841638596475747e+02
7.65989372876013874e+01
4.47663850874754132e+02
2.01477651510313081e+02
1.22858497614933100e+02
3.88925022350632958e+02
1.73497775926328757e+02
1.11577201723038414e+02
4.02912953196158355e+02
1.30093168624999606e+02
2.15993878178841783e+02
3.81656808295079998e+02
1.80491068382989909e+02
1.93852123321929753e+02
3.94508265220208159e+02
1.12162540590354112e+02
2.01329194189438113e+02
4.36052356473435680e+02
1.06372058513250906e+02
2.13575585013313685e+02
3.89725682769664331e+02
1.66724821172887914e+02
1.96549496057447243e+02
3.57666009500888151e+02
9.91613100858175329e+01
2.37172680413294074e+02
3.83384957932040322e+02
1.12214241532152414e+02
1.73400800535807520e+02
4.21243370737627231e+02
1.93363208715088348e+02
1.54393420547284364e+02
4.43986808083009691e+02
1.31074202704248165e+02
1.89938989212742854e+02
3.56845131233982443e+02
1.90198347880361723e+02
1.88956520885655948e+02
3.42181176802031416e+02
2.26315853361252408e+02
1.79502969836716204e+02
3.71459742672362665e+02
1.64539857010053851e+02
1.62000400317583455e+02
4.30476536536841536e+02
1.30203892414621777e+02
2.06319571048537284e+02
3.95634298561497758e+02
2.22994378022252306e+02
1.62371323416249822e+02
4.09965399505327753e+02
1.25220358735662344e+02
1.62814241759009946e+02
4.04202056101432731e+02
1.91515317861796802e+02
1.12282626036770552e+02
4.83212809545352457e+02
1.56105366953991535e+02
1.41681823500655810e+02
4.13573718640340473e+02
1.54985035295017553e+02
2.01441246064641120e+02
4.45054239516088842e+02
1.70659703329389544e+02
1.72286057154521217e+02
4.08932340973206635e+02
2.16661986514611982e+02
1.26405672512181212e+02
3.91637192235617931e+02
1.89397700907413906e+02
1.30965106856968532e+02
3.45065177633568908e+02
2.21483359189246244e+02
1.67451463177185587e+02
4.56374813723980026e+02
1.12561914913349582e+02
1.44063271362670037e+02
3.96795396465921215e+02
2.01525981514313173e+02
1.69678622019765442e+02
3.63566171680455113e+02
1.37388133234686819e+02
2.03045695084858011e+02
4.24010930167693118e+02
1.40808125678722092e+02
1.97180944153584619e+02
3.76538732402620610e+02
1.98205333098191630e+02
1.93255934499187333e+02
3.63561800934984149e+02
1.38542858079615229e+02
2.43895340985400196e+02
4.14899993995191039e+02
1.25800946433942883e+02
2.18299059570866405e+02
3.71136075865621763e+02
1.52858806830594773e+02
2.07005117303783265e+02
3.62063312146183080e+02
1.66584829297935300e+02
2.14351858555881904e+02
3.75169622705040297e+02
1.69062738305509384e+02
1.68767638989449836e+02
3.78550213818929137e+02
1.61079886500244555e+02
1.85369899680826336e+02
4.06557960282179295e+02
1.57440343439194038e+02
2.05001696278626554e+02
4.26932878758435038e+02
1.31809505168098781e+02
1.67257616073466380e+02
3.94951659388701103e+02
2.28504973578344703e+02
1.56543367032953768e+02
5.73374387579482459e+02
8.86251108299179862e+01
1.17000501590599498e+02
4.07887638395841805e+02
1.95737310736076353e+02
1.20375050868081772e+02
3.62278427220949027e+02
1.83758782438696556e+02
2.02962790340354672e+02
4.16420298395406178e+02
1.28324128388293218e+02
1.60255573216300746e+02
4.31562926110026353e+02
2.10606449370954664e+02
1.53830624519019807e+02
4.59324193895646317e+02
1.60256466226232448e+02
1.57419339878121292e+02
3.83424437560916886e+02
1.43609520448724339e+02
1.69966041990358832e+02
4.35345777230609087e+02
2.10369838746692295e+02
1.19284384022698632e+02
4.67236024655348160e+02
1.02990572198900139e+02
1.77773403145751672e+02
4.01818554684260619e+02
2.08129100966392571e+02
1.54052344349346356e+02
4.54653032274891189e+02
2.05545603041740009e+02
1.12801364683368789e+02
4.08781489659460647e+02
1.18899095763844386e+02
1.68319414576694697e+02
3.26447433593323922e+02
2.29317970135600433e+02
2.15234596271075645e+02
4.02334621463781502e+02
1.14606155614000357e+02
1.97059222922217828e+02
3.37036789299746658e+02
1.63589549956222783e+02
2.29373660744030445e+02
4.28618009270064306e+02
1.30736525508758547e+02
1.55645465221176835e+02
3.38237532514165537e+02
1.48996389469897196e+02
2.54766078015937609e+02
3.77071508933742280e+02
1.98819546080423976e+02
1.76108944985833887e+02
4.22404190329952257e+02
1.54743680406085304e+02
1.59852129263962382e+02
4.17100200708964621e+02
1.54840560339670958e+02
1.78059238951364506e+02
4.18674223555146341e+02
1.49135596513462502e+02
2.01190179931391583e+02
4.27736272110973630e+02
1.49381474185223283e+02
1.96882253703802832e+02
3.15944852329758930e+02
1.96298544003620918e+02
1.66756603666620066e+02
3.62283270615456104e+02
2.12839157545723111e+02
1.25877571838820415e+02
4.06263670267940086e+02
1.83115198118223532e+02
1.66621131613836155e+02
3.39117810323084086e+02
1.65606591947454945e+02
2.18275597729460799e+02
4.56635048055584264e+02
1.19026064962443058e+02
1.55338886981972593e+02
3.71847065182090887e+02
1.41503947784663410e+02
2.29648987033245618e+02
2.45331633645815856e+02
1.45186350674405787e+02
2.48482015679778613e+02
4.19570110737331106e+02
1.35778375122249514e+02
1.49651514140419295e+02
3.75129054157040514e+02
2.00482072380265464e+02
2.03388873462694733e+02
4.07065346369521762e+02
1.51160267032969614e+02
1.76774386597509221e+02
4.73198146373663633e+02
1.33195130950820243e+02
1.51606722675515186e+02
3.56563210079463033e+02
1.81923979394079822e+02
1.74512810526456605e+02
3.96839237522796566e+02
1.94976415185481272e+02
1.39184347291722588e+02
4.03484098729831771e+02
1.95547936664907724e+02
1.58967964605260136e+02
4.96960185067525629e+02
1.57016071472706017e+02
1.31023743459768639e+02
3.75508361839115594e+02
1.77694091796195892e+02
1.49797546364688543e+02
4.13913902494202546e+02
1.87301000741010853e+02
1.54785096764786402e+02
4.29831904123555262e+02
1.51558640770605450e+02
2.14609455105838890e+02
4.70178520073198570e+02
1.50675502353827625e+02
9.81459775729733792e+01
3.16806341615680765e+02
2.15930124499837319e+02
2.35263533884481944e+02
4.62538021092183214e+02
1.26152770177940297e+02
1.50309208729876332e+02
3.01999543479309636e+02
1.59008475961995543e+02
2.44991980558694422e+02
4.01613386821884205e+02
1.49560837864690257e+02
1.76825775313424884e+02
4.07820797377102735e+02
1.64553134364936454e+02
1.56626068257960583e+02
4.09049301789251217e+02
2.20680915220250739e+02
1.93269782990498186e+02
3.34742139312740733e+02
1.31120747474250749e+02
2.65137113213008774e+02
3.96516369109789025e+02
1.74368499047506788e+02
1.78115131842704585e+02
4.14771548396688047e+02
1.40815626936307524e+02
1.97412824667004543e+02
4.14999656578226450e+02
2.00581711727699968e+02
1.40418631694073440e+02
4.43184322596684865e+02
1.89038001396022196e+02
1.02777676007293550e+02
4.20497644213792171e+02
2.43820307814294267e+02
1.08682047971913519e+02
3.55333570337869219e+02
2.29640074164826757e+02
1.68026355497304280e+02
4.33173413544990467e+02
1.40020354660399022e+02
1.36806231794610198e+02
3.64303104554032416e+02
1.74551096562948544e+02
1.92145798883019040e+02
3.63290894799223281e+02
1.53950765155500761e+02
2.20758340045275645e+02
3.81752720914083056e+02
1.43741717501597236e+02
2.07505561584319622e+02
3.58983488753268773e+02
1.66074423093078678e+02
1.58942088153653089e+02
4.37274041682719030e+02
1.81235107489101637e+02
1.56490850828179305e+02
2.88927892987139899e+02
1.58797417188505563e+02
2.75274689824354255e+02
3.60076952295177989e+02
1.80412946787698417e+02
2.27510100917123538e+02
2.89948150832798319e+02
1.72698462938380345e+02
2.80353386228821023e+02
4.01619376987092210e+02
1.68993292740194846e+02
1.52387330272712489e+02
4.28272523030818434e+02
1.69342739141551363e+02
1.64384737827631227e+02
4.30676654863013425e+02
1.82187031716589985e+02
1.50136313420396760e+02
4.42469327982083485e+02
1.34355809539508869e+02
1.49174862478407761e+02
4.79369260906138891e+02
2.10822289294062699e+02
8.28084497997986659e+01
4.03727203142683038e+02
2.22452984246592592e+02
9.48198126107244263e+01
4.59433933498717693e+02
1.53156755251219721e+02
1.49409311250062956e+02
4.24542618840721445e+02
1.45491490714694692e+02
1.96965890444583977e+02
3.02718235510200202e+02
2.32399908330500040e+02
2.04881856159299161e+02
3.81305157722207468e+02
1.47982556033067993e+02
1.69712286244725277e+02
4.65037740447180681e+02
1.70929568938764277e+02
1.30032690614055269e+02
