4.66169502142341207e+03
3.89988937740773781e+03
3.49941560116884602e+03
7.61555151748123365e+01
5.72087180649570968e+01
4.56357667602305810e+01
3.83523506426144820e+01
3.06174628337564236e+01
4.40301865236290908e+01
2.53171197909484079e+02
9.15570005411930339e+01
5.27180154932300216e+00
2.85627534229697005e+02
2.48055523717376158e-01
1.24410246585705403e-01
2.77708052818493002e+02
2.01892056842807949e-01
9.00551246641984882e-02
4.33557155505483138e+02
7.05048529772659371e+00
2.43923591967904869e+01
1.66680365609517162e+03
2.24964914795707136e+03
1.30054719594775838e+03
1.02715347868234062e+02
1.63348925760098354e+02
9.93572637166758099e+00
1.54253735254948339e+02
7.17873267447837122e+01
6.95893800026809739e+00
1.41771918515379809e+02
3.11416721906443968e+02
1.54811359578176393e+02
3.20085943384417362e+02
3.66881399847229795e+03
2.23100058143283519e+02
2.09490619929247345e+02
2.36138979211433980e+03
1.01195879564098270e+01
1.69011391279996595e+01
2.03217788786661401e+02
5.88107208533894532e+00
3.98002940295291978e+02
3.92730754198727311e+02
1.03266305505980398e+02
1.94549441932991203e+03
9.07183602525667447e+03
2.83566955541343214e+03
1.15828974173561278e+03
3.08580305339452525e+03
9.21907204869858560e+02
1.01011069243645250e+03
1.65746171430029653e+03
5.35427593263250515e+02
1.74302517676479670e+03
3.84209332570184324e+03
1.43788149753337052e+03
8.09371644456213517e+02
3.32799599664098059e+03
5.47632358902806118e+02
1.30727267672523226e+03
5.05564830754140894e+03
3.13407901573334721e+03
3.48314628394230454e+02
2.05082934746094315e+03
3.47856024144825653e+02
1.98231838121870425e+02
1.71721374541473125e+02
2.29046787336656308e+02
1.78088258791202179e+02
2.01259300265377021e+02
2.46524409434208422e+01
8.84432098249345813e+02
1.46121809423124955e+03
1.71134980751940520e+03
1.16466430620875030e+03
3.21938947546716190e+03
1.89094621832408779e+03
1.55602030867520284e+02
6.78984903165254252e+01
9.94994788159542765e+01
2.03194738180960599e+02
5.05256068936483928e+02
3.90549192882555985e+02
6.27835817801060898e+02
3.59226862818738368e+02
5.57937319380200961e+02
2.52015800874890687e+02
2.59022032169548133e+01
2.30819959081544788e+01
1.00244141399310294e+02
1.04859198958029040e+02
2.18966596426606905e+01
1.04331863962609816e+02
1.05143003204082888e+02
5.15251328333073459e+01
1.00897681271656904e+03
1.78443915167920113e+03
6.32584035604231872e+02
7.69584196552932099e+02
2.28812976630915136e+03
3.26828603713792018e+03
7.56279082807113696e+02
1.88905033282990462e+03
2.31167058436297748e+03
6.20468221081040610e+02
1.97859385127213500e+03
8.66937927646831213e+02
6.32398274977721471e+01
1.18049382301568173e+02
2.97107902006596625e+01
1.32623235884507062e+03
4.22034156528711628e+03
2.00942607586781060e+03
9.17605647123572453e+02
5.30920876163349476e+03
2.42518559124292960e+03
1.31621485233094404e+02
6.97385460698832048e+02
1.87993054068073747e+02
1.08562295494681820e+02
1.60517242390224828e+03
1.28526528060306964e+03
3.93899381294993987e+02
1.16007762888519437e+03
6.86022989819810164e+02
2.23297138557586337e+01
6.20377782925221368e+02
1.24292503219020475e+02
6.07627753725221964e+02
2.43030906790051495e+03
1.30306317837426946e+03
2.63889631728907943e+02
2.53426581086285864e+02
1.06683787184806235e+02
1.21892846298631383e+01
1.12294039263426339e+03
1.21887032273587283e+03
1.04314594140755474e+01
3.99160715415437551e+02
1.75407825170487229e+02
3.08314733057242520e+01
1.61919577921742842e+02
1.24248948772532856e+02
5.31219228258535381e+01
2.38508203205015064e+02
4.25369873969131447e+02
5.66101307811570464e+00
2.92454354252414923e+01
1.70093551496642817e+02
8.07704871075831534e+02
2.98694676319688779e+03
9.72348365727285568e+02
8.03580289361915561e+02
1.61910449497194782e+03
2.05631521566613674e+03
5.58665159302632972e+01
4.85952779225163027e+01
1.74853820614721940e+03
2.72028358977748042e+02
7.87650876807786062e+02
5.77832076421446345e+03
1.20839041013994483e+03
1.66799962705344228e+03
1.41660996280661061e+03
4.35605730468440754e+02
1.15644261074179553e+03
1.10495165878976354e+03
6.93530079466869779e+02
1.42752185871146958e+03
3.20394806182165939e+03
2.78800388143289801e+00
3.02619129969433761e-03
5.52089699272674110e+01
6.25105690679350687e+02
3.25470760338547905e+02
6.16423548982102034e+02
1.21750349555993381e+02
6.66449109326992470e+01
1.25604739511307329e+02
5.23990754464916449e+02
1.16299578101396196e+03
4.64013464521121193e+02
1.10725893112447764e+02
2.89462237556922105e+02
1.52811869330630174e+02
2.71306938711348380e+02
4.37106999739889588e+01
4.90982361314662512e+02
8.95607079992641957e+01
2.06011465492006550e+02
2.06427826508729254e+02
2.13000167333940027e+01
3.96570088152484596e-02
5.36603262577907500e+01
1.41025425297890081e+02
1.63787967067510579e+02
3.27186607634599795e+02
1.66886828773901334e+03
5.41044686726441068e+03
3.47668484499655415e+03
5.31121417641261715e+01
2.79852693886655963e+01
4.69025888472082428e+01
2.98338508193715597e+02
1.18072456287661498e+03
4.31936928929669818e+02
3.10321142925791946e+02
6.70574655707374518e+02
1.60810420136683479e+03
3.95783234132797133e+02
4.57016965375172731e+02
7.41998004920301213e+01
1.72061238637192645e+02
2.26254048394712754e+02
1.61684712968094573e+02
1.11239169101362876e+01
4.93832495189913132e+01
5.93492833570872222e+02
1.05946751710068385e-01
1.58931705057022565e+00
1.12330473619772033e+03
1.77592972369469582e-01
2.52842874722473461e+01
1.37253811955538140e+03
1.43752718334498013e+01
2.90061869563788377e+02
2.56285860276170396e+00
1.16510640193063608e+00
1.66733356211104564e+02
1.01537386964802287e-01
3.47250695489726240e+02
2.14771914039185020e+02
7.22977390471089734e+02
2.35384428317253963e+02
1.28704992691565349e+03
2.79565644767092408e+02
1.26682301507952300e+01
1.31966848587768144e+01
8.13508499042795918e+00
1.37357444126269968e+02
1.11895509176629815e+02
3.37470466971002239e+01
2.00384105621171273e+02
1.35947954631434868e+02
1.66667939747393831e+02
2.96935412616665133e+02
1.38738163224030200e+03
1.39068295514303395e+03
1.61985923234201346e+03
8.17982966601474118e+02
1.30315780105651447e+03
4.55926374966117919e+02
4.78785194129748504e+02
3.29288430904133747e+02
1.79975622681185496e+03
6.89532704169273529e+02
1.56471106901886787e+03
6.80922588694690205e+01
8.53290573781902317e+00
2.31374835392711901e+02
4.36124212571623502e+02
2.41305736210254423e+02
3.41570051218121932e+02
9.58956289550140923e+02
6.45519293240277420e+02
1.07652441720957927e+03
3.25389122227881046e+02
6.07361083517760214e+00
5.64537266936941251e+02
1.27022708509822155e+03
2.35422622567398804e+02
1.40635029233438149e+03
9.32126393039072383e+01
1.06005784948918647e-02
6.77767601175978598e+01
2.39386921802121105e+03
6.26410954632950052e+02
2.13571982734583253e+03
8.99809943140420216e+01
2.21331338361977797e-01
2.47976743475960326e+01
5.35332654294676104e+02
1.00707857659395313e+03
1.10158876911137463e+03
7.54699515984779623e+02
4.81597040207592556e+02
1.44170344380762594e+03
1.05027017245871477e+02
2.11345735397051759e-01
5.17616370187315056e+01
2.67411917395901185e+02
1.50969206046855476e+02
7.61887655724342761e+00
9.55528160403602413e+01
6.72943894449271625e+01
1.82315279451471179e+03
6.17683304112932632e+01
1.78335498792169744e+02
1.37896170796536978e+02
3.46655972305519811e+02
1.43035384212663007e+03
5.31990185567848812e+02
1.49039101232084850e+01
4.82544776488219460e-07
7.09608939424673757e+00
3.33633692492536227e+01
7.45302672187650472e+01
6.34106363531980378e+02
1.61047824938635870e+02
9.75835252872169463e+02
1.21116922189195407e+02
3.76673073177577521e+02
7.24773221027916520e+02
5.34553705794505618e+02
2.84097521934771180e+02
4.94143612244430415e+01
3.05488116840785835e+02
9.25172558712635464e+02
2.35923509814921630e+02
7.32903931472442423e+02
1.10597256251706796e+02
3.97206170922064871e+02
4.01196572826228589e+02
4.23997918964921823e+01
8.49722453544344205e+01
8.81627962749073617e+02
6.58500726900131667e+02
1.60917775646923701e+03
8.67321516630630413e+02
4.89840443982495160e+01
1.30318742816723193e+03
1.47682852743451645e+03
1.06645819724598232e+03
6.87867119280908923e+02
1.05767468347310842e+03
2.90040573098863479e+03
2.69940907307770522e+03
3.41851959336627615e+01
9.26317935335804123e+02
2.63374601609495926e+02
3.02307463054698587e+02
4.57610924024658175e+02
1.55366737448379325e+02
1.02233852696253091e+00
4.10117185129529616e+02
9.64465427619803535e+01
5.43627210848975029e+00
1.99169110591610576e+02
4.29963621222162658e+02
2.56867268186227136e+02
1.59983798261517165e+02
3.53009263833249179e+02
1.03006937905233485e+02
7.02768640742714013e+01
6.51935708878220499e+00
3.22037788369463840e+01
5.37314593608828773e+02
8.02176674730144157e+01
3.99467738918157295e+02
7.55510412215340352e+02
1.32866561404991239e+03
9.81823973734745209e+02
1.08386742326544140e+03
1.87846764846598762e+03
1.75266492826857007e+03
2.22941256251575965e+02
2.38613379944573978e+02
1.42445363803850256e+02
6.26807051829362763e+02
2.30021019428062147e+02
4.52171928742576370e+02
5.62842779317033433e+02
2.68292030591447246e+03
9.56236914768503766e+02
1.14656466131244997e+03
3.69880987464934060e+03
9.61625464038206701e+02
2.00962729719952080e+02
8.69396399929193421e+02
5.00640870350855550e+02
7.23249776637628106e+00
1.49231432636896329e+02
5.25360695967274083e+01
2.07920233306391850e+02
4.24244110209444159e+02
3.93835656484163565e+02
1.03528048695093577e+01
1.15862402899015371e+00
1.94885711015004937e+01
5.66638455419020488e+02
1.14624999520057031e+03
4.34111549380408405e+02
1.91301889747545175e+02
2.22835016150174141e+01
3.68414608637437368e+02
9.75929810165562799e+01
2.00516327894104940e+01
2.47355386194033088e+02
4.38307780321884536e+02
1.53774809979255821e+02
4.31917409698859785e+02
1.03387748463023087e+02
5.95796832064392419e+01
1.57032568330537657e+02
1.28297827130254916e+02
7.25681780172603919e+00
5.64453550680190261e+01
7.80657083417464293e+01
1.97673054148086429e+01
8.16698624344494917e+00
7.78691504702865558e+01
5.19622323234365702e+00
2.93934626297369562e+02
2.43738111940449443e+02
3.39930407245076651e+02
1.56331480814473963e+02
4.18748651634196790e+02
3.78188045037216966e+02
4.70633033285862794e+01
5.98867138677989715e+02
3.90021277798247681e+01
3.15130733542185169e+02
1.31661749928825293e+03
1.36306592943466313e+02
6.14075907768282832e+02
7.89792042660108820e+01
1.42513920810309457e+02
3.35068749236797601e+01
1.19280807301179365e+02
3.04975487120821867e+02
8.37437055779989805e+01
4.78575400166488578e+02
8.77058311286531648e+02
1.12366288546979305e+02
7.53052288719800117e+02
1.92410141218708350e+03
8.03846299093118773e+02
4.73384254184629505e+00
1.35801596283351159e+02
3.79464561174802498e+02
1.80913449784886771e+00
1.19536072080400186e+03
5.71830144698148843e+02
6.24928878994441220e+02
1.18315191316652613e+03
8.23919207839032993e+02
5.75050444144703192e+02
1.45283219994726642e+03
4.57117355908030333e+02
3.04241597670276391e+01
3.30155091712923138e+02
3.42074852004940455e+00
2.37176794261157283e+02
9.02482200161191628e+01
2.33574985722723483e+02
9.79127055468085530e+01
7.07023146364464310e+02
3.90641480887274710e+01
5.54312023110266978e+02
1.30443026985614279e+03
7.33257707033592055e+02
7.40755037631719233e+01
6.41469296519253334e+01
9.97775665849027575e+01
3.03104343603755865e+02
1.34881468313813411e+01
2.20407509564862949e+02
2.04343380259759385e+02
3.38083268274063187e+02
3.30573351466177257e+02
4.33990041370249457e+01
2.76008444911032171e+01
1.51371871833511063e-04
1.55077699101908001e+03
4.03458389708685218e+02
1.21764619272235407e+02
5.07806725671957395e+02
4.28688090183345736e+01
1.32446530970799214e+00
3.87915707298255796e+01
4.35551728063747476e+02
2.65670120642692131e+00
8.95907738223172032e+02
5.70069523278473753e+02
1.31702273849835365e+03
3.08055453533877248e+01
2.88080119007774869e+01
5.13864427458347919e+01
3.03441481076594414e+02
6.90328529089628205e+02
9.37229989833774994e+02
6.73860376864221564e+01
3.77765077664074767e+01
6.83745454717037582e+00
1.31809677552501938e+02
2.59866204756051673e+02
3.23324117691446361e+02
8.28367401028753676e+01
9.89687356696893403e+02
3.63475903200231016e+02
5.15335682356834468e+02
8.75517987413495575e+01
5.15112518901816429e+02
7.34811250942813246e+01
7.75188493287436557e+01
2.55769750181088809e-05
5.61635336694230887e+02
3.90100735369016149e+02
1.26392793675339821e+00
1.25547407337728667e+00
1.17344158655071988e+03
7.92302939375904543e+02
5.05468054038930688e+02
7.52821971849455849e+02
6.53709974111614201e+02
1.36548541203761829e+02
6.78736163609085907e+02
2.43715295187152719e+02
7.56898051928377100e+01
2.47356473594814929e+02
2.89537212123473537e+01
3.27971101744677355e+02
8.13204478012870140e+02
2.07824420242452447e+02
1.06840743199775794e+01
4.69241150267173737e+02
2.60747754128486093e+01
8.66403938012432491e+02
1.69039779607509786e+03
4.73198265912467434e+02
3.67135644551804532e+01
6.59224391783891406e+02
5.90620437609283329e+01
2.77545589045416989e+02
1.81229156828914853e+02
2.25225254125667931e+02
9.43637876385042773e+01
1.20522533244230843e+02
1.13679117264904581e-01
7.24205921657074185e+01
2.64925152973416864e+01
8.68925369508875417e-02
2.28591194968192866e+02
5.81438420951830111e+01
4.79264962936623988e+02
3.67729985641930398e+02
2.65069838706529424e+02
1.96200175651540746e+02
4.62139343974218131e-01
8.73447542557746829e+02
6.10090318098279795e+02
6.92590345358097359e+00
2.43221775518835983e+01
2.57519189945354334e+01
9.61131046090217467e+01
9.24682545816843913e+02
2.24204349574134909e+02
6.53946131342328130e+01
2.93825071315703042e+02
7.47803155500643015e+01
7.80476863696526948e+02
1.78305577049986937e+02
4.86217559253486911e+02
1.36548118841811483e+01
1.22006859828888974e+01
6.14450213292995340e+00
5.73388673796555892e+01
5.41634550787824907e+01
4.56497677541561757e+02
8.77353615223293417e+01
1.02594644687359903e+02
1.25669993790310770e+02
9.04269912379288030e+02
4.58259525895777813e+01
5.03904135031133876e+02
2.71968416547662116e+02
6.59252619765944985e+01
1.43106321475743300e+02
1.84015879922440007e+02
4.50625340301510562e+02
9.90358779776048436e+02
3.20699892723785851e+01
7.36138284934032896e+01
3.23161822342181111e+01
3.16366449958439766e+01
5.83550337227974936e+00
5.25278516318762740e+01
2.99121769965647282e+01
2.16067856988523772e+01
1.48103730458289329e+00
7.84768476930118140e+02
1.43275455715617426e+01
5.46903977498320955e+02
3.26000979440314325e+02
5.36022844249820736e+01
1.88396736134703531e+02
1.37245655814316962e+02
4.78772021452511260e-03
3.74955646546856824e+00
1.25936908051989306e+02
4.66191091165156835e-01
2.59690085684556671e+00
9.53419482010471825e+02
1.56310482837219888e+03
8.22475689617333501e+02
2.11787098157779319e+01
1.32113589119753634e+01
7.96099312722467118e+01
4.47874537145061691e+00
7.51720972564663157e+01
6.03491573720830417e+01
9.27397245114068292e-02
3.44465853317416418e+02
1.38441406958072349e+02
2.53190060959290150e+02
5.85331675821207909e+02
2.02478263219501002e+02
1.88634106034314158e+02
2.43538702093678580e+02
1.73827191872006892e+02
4.00935325936320567e+02
9.25605293263892577e+02
1.73459380799786061e+02
1.34816502468906435e+02
6.80589494868503266e+02
2.25940026625905084e+01
4.73891831165618527e+01
1.41643497404990654e+02
3.97967319478447507e+02
7.07286380866004646e-03
6.14673449418782700e-03
3.46986780401697047e+02
1.13685031578148776e+00
1.12511606097418451e+01
2.53611989074476611e+02
1.55140748243936116e+02
1.22192009941634581e+02
5.52667241814429644e+02
2.95780946339526594e+01
1.72861187575701294e+01
5.11357866084772184e+01
7.92733062340674763e+01
1.00673554990131038e+02
3.62053138775801756e+02
1.22740468288038628e+02
3.93167733685111926e+01
1.49427583434501710e+01
6.08941918179659069e+02
6.22526520429685320e+02
1.55315613906550318e+01
4.53504686147427662e+02
2.66320683680048944e+02
3.34174630172523507e+02
8.96750795818487916e+01
2.27070416561188551e+02
3.71254503856963368e+02
5.28444349687597005e-04
1.30691953462439318e-04
1.35999340863696773e+02
1.07888721794117657e+02
9.72524282206703816e+00
7.53860353838153401e+01
3.27757469269998865e+01
5.49421753877761248e+01
1.12820776852239835e+01
8.74717822482290046e+01
4.58958160034935716e+01
6.32401748277439002e-01
3.19870907987985333e+01
7.37413219725660873e+00
2.46387770039448490e+01
9.57700792176139828e+01
2.56238905354228343e+01
1.05606030246963172e+02
4.56115845102402773e+00
2.08770198285684359e+01
8.56182172040753464e+00
2.10849139355887985e+02
9.58877468738251224e+01
9.62631137702867505e+01
2.09690141270976369e+01
3.99960419718804530e+02
6.50705661540980458e+01
1.25281287834213959e+01
1.24285236217511397e+02
2.44186634999067309e+02
1.64657563474916657e+02
2.24088036402636703e+02
1.32254400122446839e+02
8.85349939108769917e+01
3.89776599900277745e+01
5.24873460990952694e+01
8.17567015263986946e+02
1.21844905142048034e+02
1.04558807959396540e+03
1.14502727392098897e+01
1.13725971402274553e+01
5.31771301205626443e+01
9.52704111175683579e+01
4.24832728591507163e+01
2.46316023280945318e-01
2.45888706085836304e+02
1.35995254573370488e+02
5.91160393407930727e+01
1.60078957723515956e+01
4.09666103254798273e+01
8.02549390216860381e+00
3.89259116814359345e+01
1.85550395736812090e-02
8.05553327899037974e+00
1.51843832208847772e+02
6.01593402382086850e+01
8.19968275529436141e+01
8.42469245494035164e+01
3.76422273739697673e+01
3.21108480766267022e+01
1.40894149415712945e+02
1.68973005834704225e+02
3.21328447495827731e+01
2.45586630337826733e+02
2.23359023663229436e+02
2.40543459989437949e+01
2.97432162078693921e+02
1.71857008714841015e+02
2.47108292064647728e+01
1.30571579056523433e+02
2.57998735746471759e+01
7.26285473688293450e+01
4.26518668448722735e+01
6.20481390709147718e+01
2.02999940842129512e+01
3.19942873147412712e+01
6.79041165401785243e-09
5.71267846832448911e-03
1.03709558058137503e+02
2.70298024202262166e+00
5.35874616998398707e+01
2.29349573143617192e+02
1.06810210929329116e+02
4.88402159270534924e+01
1.69792421961438663e+02
1.48197964828119467e+02
9.00961321044177232e+00
2.96366197680204664e+01
1.79836291347229519e+02
7.25270888847500714e+01
1.20738601152255241e-03
2.38056734219799893e+02
1.62942058394188621e+02
4.72521869955297745e+02
1.44741988616550316e+02
3.36736141428151484e+02
2.47034548807823171e+02
2.77748749888684529e+02
1.21216701303492002e+02
6.59565021802800828e+01
6.28638213946409650e+01
3.51796764250789948e+01
6.77534773617094999e+01
7.18834863676611207e+01
1.44363036270629266e+02
5.33902764164461487e+01
4.38163034850502484e+01
6.37934200985036028e+01
2.10876518285641993e+02
5.85478974751241097e+01
3.25755842392341322e+01
3.37343510739258647e+01
3.59400755122209536e-01
6.90624817095192789e+00
4.12627203892346188e+02
6.37438176672060081e+02
2.07934619435594954e+02
3.79493723656775046e+02
1.98586827810187913e+02
8.39194485330374533e+01
2.43606059037702103e+01
1.70323651681396228e+02
6.43157424148336503e+01
1.20486003342843389e+02
1.74652957211308632e+02
2.18610394458480108e+01
2.64971476721291992e+02
6.49369239519787698e+02
3.53659283758919969e+02
3.96084943030117756e+02
1.71903266431589657e+02
1.20011790538292090e+02
1.41625489343509088e+02
4.33923266925250061e+02
4.51243731240735746e-01
2.62486453338964276e+00
2.00707813314806629e+02
3.66732215180365317e+00
2.56642378230017059e+01
6.09391291349981202e+02
8.29444708270167865e+01
3.25262057895276442e+01
1.45201584838506687e+03
2.24457945825406540e+02
6.39776309482991579e+01
3.63855609075541281e+02
2.43166759976159369e+02
3.76027493984580516e+01
3.39239496940743734e+01
1.47330090746757092e+00
9.50361545186084840e+01
6.13912276223726465e+01
2.85726178590188695e+01
9.48930522905028653e+01
1.07280785071697782e+01
1.13788692023273814e+01
1.57063729852287366e+02
9.36642632166487772e+01
2.27200693106385732e+00
7.66838705979234732e+01
5.51207167117956487e+02
7.53108962284120253e+02
2.22056063252438607e+00
1.43158545168985558e+01
1.24463584850577050e+02
5.48364446543102133e+01
8.26845108389983068e+01
1.23479044506691537e+02
2.42852322696570468e+02
7.51350237113753394e+01
8.20126535920541642e+01
3.56867427423304377e+01
1.63132509171911160e+01
6.34047844385107282e-06
2.93496749610367772e+02
1.00424808541700457e+02
7.84418479316497663e-02
3.95599760438905776e+02
2.46673619766337538e+02
6.72661979475662264e+00
1.85609015621707073e+02
1.67740783227833532e+02
3.26502011504593455e+01
1.92557541613798691e+01
2.92053928014028941e+01
2.25388530372172262e+01
1.33301221546772297e+02
9.72838392409277297e+00
2.49703945291348965e+01
5.05675527137106826e+01
2.29732402808218521e-07
2.04324470565569030e+01
1.52774867853175891e+02
1.42936583305285634e+01
1.26931473816295608e+02
1.05782010036585149e+02
2.44404286393205470e-05
1.12179655229862387e+01
1.57996987467150632e+02
1.48016910410430191e+00
1.35522843428745063e+02
1.25168250944903477e+02
4.05424552650880443e+01
1.09289293790008458e+02
3.86238020152688932e+01
7.20254890023775260e+01
1.83507089823535807e+01
8.05858948350019659e+01
3.07732806441601277e+01
1.56640824520837924e+02
8.18557255356671902e+01
4.00100829423616418e+01
4.91341915219712035e+01
2.88462812781069751e+01
5.73627442866484074e+01
1.06790974435244607e+02
1.19522130667447172e+02
1.26560998751402124e+02
3.58916870581150704e+02
1.22951187307240545e+02
1.50492829074448821e+02
1.50555983618310620e+02
2.21873810046580004e+01
8.97388209811474837e+01
4.70737980141944945e+01
5.03290993283269330e+01
2.83375119114865072e+02
2.72295781556808038e+02
4.52048280880419018e+00
1.68185193346100270e+01
1.26609978565857855e+01
1.31469368244495683e+02
4.10335898263952515e+02
1.92194733491551460e+02
3.46618911314238431e+01
5.99780304611321355e+01
1.03600784074440107e+01
5.86632238277254828e+02
1.68622691234212112e+02
1.32745070488533059e+02
1.97567546084201780e+02
1.44818626745875349e+02
1.21613827169922715e+02
3.44934080440513546e-01
2.07952868540433089e+00
1.13957553723415481e+03
1.66055611865470098e+02
7.81648762124835486e+01
7.27779511922045799e+02
1.43212419694591434e-02
1.32847020481261374e-01
4.51852831737549252e+02
1.50065956647157357e+01
2.61929747082796496e+01
1.38004296270046112e+01
7.63708701578189864e+00
6.13811405561510171e+01
1.19817724280671012e+01
4.99606190828405090e+01
9.30956743780034657e+01
3.09437065391560218e+01
4.18464086261688128e-02
8.58516029897529336e+01
4.51065506016208957e+01
5.02304219425837033e+01
2.17914357309551235e+02
2.38552207478650971e+01
1.03327152666676874e+01
1.64862230016158016e+01
8.18106173171651463e+00
6.22836722928510298e+01
3.19082318573109205e+02
9.26340091340397294e+01
1.33821986637235444e+01
7.91763415666361965e+01
7.44145976964031952e+00
4.65069218790831762e+00
4.28342676072366615e+01
8.51504020485501911e+00
1.37873012511061603e+02
7.26107548973273396e+01
1.28516232591611043e+02
4.80277838738716625e+01
2.74191770131307315e+01
6.25530391129976095e+01
1.11954988020920165e+01
2.55561561237205979e+02
2.42939960701880397e-01
5.14990005546348897e+01
4.85020944850234912e+01
3.49989049603416476e+01
5.60333604436073216e+01
5.95131842572599226e+01
4.53455299132742184e-01
3.35789037605348994e+02
5.67931388762901292e+01
4.03417823518361104e+02
1.73373717673128525e+01
8.56648341427587070e+01
1.39977940899284121e+01
1.02956901121209285e+02
1.37247549107434395e+02
1.23795549771356434e+02
2.46203211197200886e+01
4.00908246831630606e+02
6.94714320486492340e+01
3.18541765968486288e+02
1.87390357652386001e+02
6.24067876379127711e+02
1.75888117718360277e+01
4.22705066299561238e+00
7.18413756516836788e+00
5.83202088123077900e+01
2.68811531698212498e+01
4.17986380178709709e+01
7.91425120395075794e+01
3.53089898496856662e+01
5.65484981108067686e+01
6.58103389957631606e+01
8.92996688491023072e+00
1.72596941193266247e+01
1.41646968837209414e+02
2.29343497259753065e+02
7.10095339030374504e+01
1.06272938328700988e+02
6.62886887494243524e+02
1.15840174177055786e+02
2.45862329738625760e+02
4.39329950250174022e+02
3.91807720011200217e+02
1.28282272824262217e-01
2.30778582379191533e+02
2.26093135347984173e+02
4.81531636821009990e+00
3.38826317626608002e+01
1.83020518691291016e+01
2.76792516339101535e+00
7.07238987632205294e+02
6.56993087204403764e+02
4.00931434939805875e+00
3.04321368197218476e+01
5.05585488308800635e+01
3.35906542074811583e+01
6.35551123164188425e+01
3.18542334760999779e+01
4.41674619195540004e+01
5.49508798923660393e+01
3.39881658188079882e+02
1.71517521689469191e+02
1.24264121388800689e+02
7.62183569217300771e+01
3.38157027229525369e+01
2.75067334731554318e+01
4.67756380389202242e+00
4.98205106430466955e+01
8.29321371417832864e+01
1.62473522151700500e+01
1.51736944414999311e+01
2.58159069970323799e+02
1.00667235588176212e+02
1.64327885100932633e+02
4.85972992166801987e+02
1.12699122732264968e+02
7.16817398073067835e+01
3.33089276504989300e+01
8.10093325421942438e+01
6.18565959295346630e+01
5.06579794919698188e+01
5.94854245784955395e+01
1.21276526630226783e+02
2.25091124412350183e+01
3.52143609285381700e+01
9.10065594506163649e+01
1.57407628237601904e+00
2.04193642670076017e+01
4.85335940105557455e+01
3.13178271215898540e+00
3.34623277285270193e-01
1.89516198162437519e+02
9.31861696453294286e+00
4.41651848730295526e+01
7.17294805742897552e+02
1.49226289343703428e+02
6.14789049133993828e+01
7.82447718040265094e+00
1.07315277519597068e+01
8.44399506763764585e+00
1.12633302751892583e+00
1.18951658404673651e+02
1.22922008567807495e+02
1.54455166053696757e+00
9.43677190815674152e+01
3.20877292578956173e+01
1.57949235357296118e+02
1.32045112089828194e+02
5.65255287572801433e-03
5.89545671639727900e+01
3.01507484835945894e+00
3.03579876677384196e-02
2.25562931229875375e+02
8.48801512070226920e+01
5.75569175631019760e+01
7.01931074861392545e+01
5.38241873315984876e+00
2.19424473780700822e+02
1.11606853990661122e+02
2.39998430318054154e+01
1.21393302977533494e+02
2.28200431975566630e+02
2.18193505496115456e+01
1.99980217474821870e+02
3.52361357287409316e+00
4.02274101394744857e-02
2.62436159016986437e+02
3.44860618330864270e+02
2.52712441567849567e+02
4.07426940101285766e+02
2.53410957062803597e+01
4.50646202108920146e+00
1.15244227263043730e+00
2.51845332133903312e+01
1.90804819034625126e+02
1.06477519846294201e-02
8.77323874228724208e+01
6.24749410265182945e+01
2.77926715506093380e+01
1.21875605558215767e+02
4.81039865746268447e+01
1.38020407867157189e+02
1.20766680805854264e+02
2.67836514461808939e+01
9.14496677479648952e+01
1.20666121805253013e+02
2.55511793293066951e+01
4.47826988654402740e+01
2.93962787782938761e+01
2.00216707289103823e+02
4.38701393260228745e+00
1.64276595167748560e+01
5.77490889833049692e-02
8.51459139424183675e+00
2.45015564318568764e+01
4.48369548842894083e+00
1.80147480797141810e+01
9.33334165481844558e+00
4.78351356432261898e+00
1.28831447808589363e+01
3.02058485433053193e+02
3.33211378401898173e+02
9.87301361650488332e+01
1.08445614679673511e+02
1.08959778966237110e+02
1.45946063540893896e+01
3.95956303389949795e+01
6.09398460615132507e+01
2.46452359949176891e+00
3.98554187339210770e+01
4.72411820239572364e+01
8.90339924212169009e+00
6.76511076887555731e+01
1.41345490622572413e+02
1.40034016886720973e+01
7.66889116770400108e+01
2.67166608629648861e-01
6.90439217143302955e+01
1.53608107222059829e+01
3.91783735093565681e+01
5.24608157684374703e+01
1.48379610764909380e+01
1.04253375842891884e+02
3.60908663080617089e+02
1.38617742020189505e-01
3.88929254256157653e-01
2.72472453003723672e+02
2.41768785740116954e+00
2.12812624523770211e+01
7.30104969022182093e+00
1.99214023581270161e+00
6.99326849479753054e+00
2.10145912693897721e+01
3.55535841580216143e+01
2.16066428310966536e+01
1.71839773010881686e+02
4.16731961611332764e+01
8.07521343746013542e+01
7.55746694642653978e+01
9.88787955763596749e+00
2.70248099354141296e+01
4.08731050694990738e+00
4.33591683741572798e+00
2.90610745106147363e+02
9.90533380564368429e+01
3.92492762248149551e+00
2.30748222402490235e+01
2.50137269479719566e-04
1.53112463942513045e+02
1.27069882815954770e+02
2.48176532415321738e+01
3.77490965533046321e+01
1.42210617609184396e+02
6.50402858375109645e+01
2.81313220262432651e+02
3.01385387552614645e+02
4.32301392184952817e+02
3.43937035976039112e+02
1.82467978924928872e+02
6.95949850990323284e+01
1.62473452529309299e+02
1.06141025967128735e+03
1.78116287799403779e+02
1.27116352315057437e+01
6.37243951114196250e+01
9.56396965707463131e+00
8.62678311399165523e+01
6.19910410537191012e+01
8.27411278063643465e+01
1.11932033621209328e+02
1.70444192108985902e+02
7.06237742698048123e+01
3.48368029149215985e+01
2.36674506675046956e+01
2.84957464175737094e+01
3.84124002095544270e+01
3.89067248991916230e+01
6.68087489125394729e+00
2.49895213485203236e+01
1.59713262314778497e+01
3.91524200018336307e-02
3.81266998880942083e+01
3.63860299817828103e+00
2.02346971137275204e+01
4.06511550765914507e+01
6.98795382462470460e+00
6.73608910987838385e+01
6.70907897654458196e+01
1.71132179174186522e-01
2.47380780553800079e+01
2.05636258452416314e+01
2.83659916161645409e+00
8.59977499314191540e+00
6.31629681961964025e+01
4.26155203965953717e+01
4.82215114072082187e+01
1.79957374848215551e+02
1.01689586381937858e+02
1.54353038769846563e+02
7.96283542507002977e+01
8.19173335832963261e+01
3.94543121660034259e+01
7.26815818766157378e+01
7.46341053224542639e-02
1.72437840180617989e+01
2.34306243469445917e+02
2.15325785260309530e+01
6.21611780045230446e+01
1.17253100518306951e+02
8.73696559330091049e-01
5.08732029223629567e+01
2.27342169936832006e+00
3.40978319596479977e+01
3.36287463409836818e+01
2.85463418219972525e+01
3.55889523903379299e+01
1.18647057876648034e+01
2.07552506154814367e+01
1.23181174821323410e+02
4.20635745631951465e+01
4.30248288196145054e+01
4.08558877861067700e+01
1.19283394278716759e-01
2.25314173360069162e+02
1.76803568786617689e+02
1.37882257853313291e+02
4.41959074344394208e-04
1.97670122403112991e+01
3.82325458006143464e+01
4.88758033571973414e+01
7.49840678616114360e+01
1.71401287811912297e+01
3.38315167341207257e+01
2.14255265985760524e+01
6.17429566673032539e+01
2.52433290290245580e+01
2.57227869078010549e+01
3.38840631743848181e-02
1.05171185585270233e+00
3.57329957810907501e+01
4.72152923630565482e+01
4.56579721366232931e+01
3.18542256489048263e+01
1.44878022144718646e+01
8.12729560793029435e+01
1.56225789675669347e+02
2.02501254245027326e+02
1.37590312359268125e+02
3.26637191867019254e+01
1.63745968454030049e+02
2.03745864412454338e+01
1.47886546171451734e+01
4.78367589416094177e+01
3.68940974782942774e+01
2.22984267702868699e+01
5.08074757514188420e+01
6.54703551320746513e+00
1.64554218210519698e+00
1.98074223046873357e+01
1.57275370122992030e+02
7.96613236544570782e+01
1.56063306222550921e+02
7.37836069931859697e+01
2.24589190526537621e+01
1.17574739541602487e+01
3.36635395927778518e+01
2.68349109188214019e+00
3.65296931534001423e+00
5.71341833091462004e+00
1.31137413686741677e+01
1.41728403004112096e+01
1.10573883688146726e+01
5.83967959331853663e+01
1.75458156979999700e+01
4.08537474900555964e+01
1.32060434419077932e+01
2.79402090680366193e+01
9.74705701139819354e+01
1.68763629338267656e+01
3.66530669521913453e+01
1.63836018083515427e+01
2.36397085871526746e+00
2.82524273329331912e+01
1.94431769032258188e+01
8.30093473768277761e+01
4.14547475719946249e+02
2.85989793228450594e+02
1.10087223712746294e+01
9.90014844002748760e+01
3.03640173760453422e+02
2.02097784772571316e+02
1.80262041466975035e+02
1.54640357261897663e+02
3.26344115604798759e+01
4.17252311776224474e+01
2.79075505622616845e+02
3.96556746331279442e+01
9.32688197442552109e+01
1.26429335655153096e+02
1.15961979967954974e+02
1.11608684376891915e+02
9.73253206443693131e+00
1.36644183009079541e+02
1.17623284926483436e+02
8.10198546615706050e+00
1.05389582954451555e+01
9.35905623839778400e+00
5.56074208208179215e+01
1.34285075322475166e+02
6.21075038567069555e+01
1.56209695792418959e-02
5.14490076478496761e+00
9.78394782656357904e+01
1.23275642681809483e+01
3.91724735745059007e+01
4.14999621573131563e+01
6.13761082789863579e+01
9.94761947828447433e+01
1.47696938168899533e-01
3.98619554859965053e+00
3.09745039582544791e+02
5.52687648688557474e+01
1.69520797159764498e+02
6.70405507234117550e+01
1.18438652116823775e+02
4.57475210754831636e+01
1.07048033393127682e+02
2.02044455313891937e+01
6.68088092674523892e+01
7.63310779061600719e+00
3.55580829419316515e+01
7.99392199829323289e+01
4.38876010441754616e+01
3.31731789728922308e+01
6.01983966219780839e+01
2.82562829342239707e+00
1.29759750845995008e+01
3.01488600113149118e+02
7.49310889432327265e+00
1.04018290992527554e+02
1.30731018259003491e+02
2.69434664594473683e-01
4.69995470764020524e+01
1.31108231546834332e+02
3.19874147866770961e+01
2.59043536664886176e+01
1.05888171104134145e+02
3.25622197966654809e+01
9.54960909920034950e+00
8.26751871644402172e+01
1.32594227386206370e+02
5.57305854493534483e+01
6.08791885529373076e+01
1.56363009891524545e+01
1.04845104579102344e+01
9.48805824385289185e+01
2.37382908049103918e+01
7.43811267565606329e+01
3.20198987077109734e+02
1.27804639119160413e+02
9.96373803729926455e-01
1.87694169830425075e+01
1.93342917154591056e+01
1.38962913014984011e+01
1.02314086319363398e+02
9.46872376915387171e-01
5.27390413037212298e+01
1.67401920278832364e+02
9.24386304962623058e+01
4.21594492249054227e+01
2.05743351933815006e+01
2.83240180227811820e+01
3.10164678383730852e+00
3.63911842739976095e+01
7.57530825123041467e+01
6.85573321369826516e+00
1.97551980420485016e+01
3.05694389947741598e+01
1.46753629631773279e+01
2.09268657525607509e+01
1.41948633148171659e+01
2.87827093262208722e+00
2.69784178675346169e+01
2.40025540154232324e+01
1.90281170421415062e-02
1.32920014400173500e+02
7.81291462849612088e+01
5.19508393148653624e+01
4.78238318447763007e+01
1.22441720021952761e+02
7.07344481332709449e+01
6.68495392236256123e+01
5.73596844447390097e+01
4.37907763316353922e+01
1.96468456744837425e+01
3.35377566294465623e+00
2.99993786625716048e+01
2.30696169770299129e+01
8.04421790775425860e-02
7.84994084389254532e+00
3.88927494849236410e+01
9.04525983486847807e+00
3.60619906802078773e+01
5.99221051012211134e+01
2.84043834187151738e+01
1.33673511480063723e+02
1.53566723000674529e+02
9.66723995736687414e+00
1.44766037041958697e+02
1.05329652607762341e+02
2.19327028823604643e-02
2.26484146893552882e+01
5.44846216280628823e+01
1.63542551840626444e+01
6.16112318787446167e+00
3.78238103947651041e+01
2.89471171968874934e+01
5.02290724083474274e+01
8.16536546225330255e+01
1.05855200484461605e+02
1.21491144893005355e+02
2.84779244651790897e+01
9.00522186888512621e+00
5.65168536659358054e+01
2.00804929676485564e+01
6.15988995416298053e+01
4.23206074907216561e+01
3.41054573032276807e+01
2.64825514666144883e+01
5.41199123015782479e+00
6.48682745945727390e+01
5.10878160974949225e+01
1.26043909307932310e+02
1.35905375653307137e+00
3.47586385226023197e+02
3.90545610174437954e+01
2.99361180210846044e+02
1.45701370966479629e+02
3.69937448822674355e+02
1.60855083835851076e+01
3.35756657759497090e-01
2.35787349586553923e+01
2.40805125876678294e-01
6.30385541013689519e+01
6.72064077275438265e+00
9.85008138291057044e-05
3.50789361125966366e+01
1.92096538658954308e+00
3.47816737147060628e-01
5.91256654495086096e+01
4.85265178133443413e+01
1.82024528435967348e+01
2.82569747531735196e+01
2.54057240322973010e+00
6.04392513324372658e+01
1.84624448451127904e+02
6.79363002164347876e+01
5.86111896888894677e+01
6.04934529112995563e+01
1.08895357399810990e+02
3.84091887091295021e+01
3.98516671942630012e+01
1.12739144096607546e+02
1.82687895655674666e+01
5.66998490097135388e+01
1.30313614247189751e+01
4.26930700246409689e+00
3.48276152142965643e+01
1.19030777832393486e+01
5.68742911192103762e+01
5.33580441602733231e+02
1.25452672780560430e+01
3.13621989304080309e+01
1.06597628859471101e+02
1.70040172210120886e+02
1.31122146732959266e+02
1.75685610525559248e+01
6.30929221448481048e+00
1.61844019101995798e+02
2.45471328832371768e+02
1.39684652065632662e+02
1.48825926410371316e+01
1.00246441344434807e+01
1.20927632245193912e+01
2.11421793336801755e+01
3.10918428381205292e+00
3.07486363825077724e+01
2.69988353150193845e+01
1.47689061080004809e+01
1.23225857698014418e+00
1.21779571099022533e+02
6.30373678398637480e+01
7.31830610611138184e+01
5.58611436951298685e+01
4.51444875220878430e+01
1.69943687827822920e+01
6.28079162894799214e+00
2.53695048566198160e+01
1.63497035144321927e+01
1.84957258683269392e-02
2.64911836615059404e-01
1.39716592437516596e+02
5.31269587907644247e+00
7.36336372452157750e+00
1.63239403964019871e+01
1.24813237557831258e+02
1.56962599482300448e+02
2.12241629598682344e+01
3.59423267444782766e+02
1.72333195831377388e+01
1.79343412972079136e+02
6.14460651955787540e+00
2.10756166724362899e+01
1.77977680800583471e+00
6.44277612695654645e-01
3.32342688104627229e+01
1.61214535768416134e+01
4.47349186704569697e-03
3.91330290239093781e+00
9.30822236057420156e+01
5.53413870307194742e+01
3.29855608693240356e+02
1.23803004276039985e+02
2.45892146520306127e+01
2.03530702187739905e+02
6.88008316022943944e+00
1.80451516213446581e+01
1.94491710842435097e+01
1.45056772944118304e+01
7.04328869450150490e-03
1.90146854105404515e+01
3.09782713007650443e+01
1.67146883203092039e-01
5.07953903610110373e+01
2.00374627557858815e+01
3.35100161833346011e-02
2.04076193225883955e+01
9.55887066122826567e+00
1.19618218827709927e-03
9.34615694900128489e+01
8.35372343277988989e+01
5.65291065633042820e+01
1.58236498342364040e+01
2.64724360245930423e+00
7.58875587770369151e+01
1.11018821867040458e+01
1.05590362589959835e-02
1.11202050893657329e+02
1.48337634246362438e+01
1.89641856817064429e+01
1.31334645110442523e+02
2.51518930488709316e+01
3.15134618406865243e+01
2.88449794366593757e+01
5.61740874796801459e-01
6.15932796885438165e+01
3.37388873714445708e+02
2.52154327230758000e+01
1.53395693562478726e+02
5.24797043812621755e+00
1.96453018417578527e+01
9.10672772011593246e+00
1.47379077254959071e+02
1.25101132531453381e+01
9.71108094918955800e+01
7.05059595057999228e-02
6.91549458093085878e-02
6.48603390946848890e+01
4.43070511286331268e+01
3.28906321183579422e+01
3.08023167530089488e+01
2.40714412625535346e+01
6.53602198417116824e+01
4.56833889573479457e+00
1.14697807546251500e+01
3.59548040476451236e+00
3.49347388406103363e+01
5.83616916889957125e+01
2.42742664879964209e+01
9.36404182300787369e+00
3.91874164598880581e-01
2.41437315612886039e+02
2.02170810222515001e+02
7.56726704126183733e+01
4.69474461179454072e-01
1.28578551262021730e+01
8.84568149078414478e+00
7.58000413009988847e+01
4.35427720821701225e+00
4.82244198238428190e+00
2.32039693903855238e+01
1.97358862723019213e+00
2.96886266269595644e+01
1.20192495990636763e-01
4.01911808770497814e+01
4.51469428632385359e+01
3.87898596716588244e+01
6.31974651026468298e-02
2.17211908259608535e+01
5.97616457312099598e+01
1.67517163442829172e+02
1.71442131797637494e+01
8.85576327453027723e+00
2.35457059786547734e-05
6.66515109902464342e+00
6.95393307071571627e+01
4.79551819381817968e+00
8.45678024540132256e+00
2.11646287676108535e+01
3.78590986987822342e-01
1.18157017274158562e+02
1.16763268545089005e+02
3.60797141807524611e+01
2.49882888750574184e+00
4.40039381340210340e+01
7.49723297847321568e+00
9.01316227239995982e+01
9.09889527205546074e+01
1.48794245554458122e+01
2.38962799013123295e+01
3.80944918967733344e+01
4.50092282019143468e+01
3.53086943062020922e+01
1.86774946990050523e+01
2.00138109947928555e+01
5.62737444782096432e+01
1.89479545396736060e+00
1.58314600678230075e+01
4.04561298708417923e-04
2.51701713484233528e-05
2.79995702685299399e+01
5.11937050135446725e+01
2.66919497102128167e+00
2.11371000154340329e+01
9.76250368632659331e+01
2.14457968618908922e+02
1.49169945178252998e+01
3.42920968329417608e+00
2.81422833361439970e+01
1.54285069805618242e+01
4.90781095543040209e+01
1.08427540378504901e+01
2.70791364078454890e+01
5.60063748483415846e+00
4.40669387146091012e+01
1.33242380055674525e+00
1.27129075767089120e+02
1.07786576577252013e+01
9.22665751857034283e-02
4.71562330333505457e+01
1.98238167663906317e+01
1.99502002588299032e-02
5.25992607203036400e+01
2.13059829450369875e+01
9.47563346593935096e-02
9.23596574563750323e+01
1.51296901599614675e-01
3.48904564202536216e+00
2.61382696726589465e+01
1.66601219885053773e+01
2.01608338835674639e-01
1.52795543819620416e+01
6.58872225524709592e+01
3.83322306556701520e+00
9.52690596418919711e+00
2.28150708032230582e+01
1.65802323258774464e+00
1.01024804322022277e+02
2.40674234151312703e+02
1.30096152666497633e+00
8.75441634209505253e+01
8.71881230151809916e+01
2.26771356386850842e+00
3.55393675154728683e+00
1.76052130351384974e+01
3.84085021331421217e+00
7.39793834830615253e+01
5.42479492675058381e+01
4.77266724943265874e+00
3.91650843495381595e+00
2.64058656413199628e+01
3.76776259237262323e+01
1.55269627743537804e+01
4.20093659023984944e+00
1.62721006354063711e+01
6.60580581983255399e+00
2.06394267331169061e+01
5.75476744705053456e+00
7.29210803001787156e+00
6.58330182374924089e+00
3.31245901462328831e+01
1.02489121656219424e+02
7.28912037879239136e+01
2.61967455585666853e+00
2.06740697203215049e+01
6.72982138058754931e+00
1.75961088990909467e+01
2.11095093207543201e+01
2.92397065945520183e+01
1.26507840846936599e+01
2.84853205005314294e+01
6.84779066066286823e+00
4.16668888388057184e+01
9.69036231444102469e+00
1.37500476976037813e+01
2.55958998795519488e+00
8.96355510679584105e-03
1.55697422329686805e+01
4.24212942119245326e+01
1.83908854853667521e+01
1.52991364583468243e+01
1.53099780562864254e+01
9.75071729351856575e+00
2.96491103672942700e+01
4.60017233918716517e+00
3.37622136799342076e+00
6.56159193794197932e+01
7.85925258680149688e-03
1.89394876176106891e+02
2.42137346338474113e-01
2.03629864775546316e+01
6.88910368978268792e+01
3.40333469275988563e+01
7.56161745742850028e-02
2.19065966016911879e+01
7.27455330291158333e+01
2.63478703691930036e+01
2.22797158703088556e+01
1.92972546958130735e+01
2.42302943387806602e+00
2.74462817400267838e+01
6.73641703877179676e+00
7.08173012212014186e+01
4.67176262380596086e+01
6.95151100755803775e+00
9.33086275438235191e+00
5.01775039388409141e+01
2.28751199091586201e+01
3.49473761520004729e+01
8.47496632019747551e+01
1.66377610191102633e+02
5.98727266069227113e+01
5.21729782793256120e+01
6.96149333449577057e+00
7.28655283861786387e+01
5.52575516238707394e+01
1.57963811440362303e+01
4.49460672320930428e+01
1.91203093168018157e+01
5.93672192718361358e-03
2.98737539612710030e+01
8.51439896979580340e+01
1.04686924195242313e-02
5.08455416096224369e+01
6.58213664870948918e+01
3.21155649786822733e-02
3.81465179479264407e+01
3.37601672045031842e+00
1.07900291271616613e+01
1.08339541523880154e+01
1.17856125648488103e+02
1.33286312050628741e-01
1.05880394613057059e-02
1.17482324971191545e+02
2.74687592546226682e+01
4.89157741856944481e-02
2.58710498802287319e+01
1.55624224021602281e-02
3.11338769736910681e+00
3.52214527018488894e+01
2.75242172854501206e+01
9.25433001270100064e+00
3.97299756175878969e+01
6.36417285259346102e+01
1.26282958564774823e+01
9.86219794430298197e-02
5.85292249008865255e+01
3.72153119670439736e-01
6.52402856859069580e+00
1.84558173532864238e+01
2.02015407812288617e+00
4.01541725232978397e+00
3.62372949857170710e+01
7.37472877619531459e+01
1.15841173617253030e+01
1.27695866765027528e+01
1.64629596177194615e+00
5.90071756651311929e+01
8.40551036586495957e-03
3.79844188245029244e+01
1.19031681206275039e+02
2.16298233254123211e+01
5.63384954683126367e+01
1.41383184845711050e+01
5.99059865696499898e+01
1.89556949457788981e+01
8.19659378827469567e+01
4.02349781500872306e-01
4.26317123357521837e+01
8.71857166970612063e+00
8.11739485605137467e+00
1.41640334742425029e+01
3.24175387011425929e-03
5.38860449190043411e+01
1.11107133271255414e+01
4.37613125703532813e+00
7.24226714417417838e+01
2.62011973012229049e+01
3.78044306265359387e+00
5.08278205282805899e+01
5.63917364090658211e+01
2.22493828967178651e+01
2.58578387463415140e+01
9.89277835694062091e+00
6.82124686376900069e+00
8.09051865200453904e+01
3.32735666161856045e+01
6.24954612531397018e+01
9.18961938296122014e+01
7.66083449172481181e+01
9.34946857321057045e+00
2.37569790293428049e+01
1.48935523974466140e+01
5.63746851340146051e+01
7.18488653624182376e+01
3.17764495035671501e+01
4.42516080344034712e+00
2.30108470215757954e+01
4.56399217498385390e+00
7.09003428007532221e+01
1.24882786723538182e+01
4.36113785268929490e+01
4.39953811278342357e+01
1.25553989568412449e-03
3.36333227007299404e-03
4.79531905573661010e+00
2.64369112666167858e+01
2.76776967764660586e+00
1.34262311374234002e+01
1.09147951534362324e+01
1.65897370914037090e+00
7.04433577685297241e-01
9.37444291515940265e+00
1.79211235071553006e+01
2.37239966938919515e+01
9.30431385034111145e+01
5.82328648026969589e+01
1.56614340678984405e+01
1.28634454450479847e+01
4.75120487053574236e-01
6.64255372186981585e+00
3.13252194467913370e+01
3.22268313388445055e-02
8.08078811382370432e+00
3.59518728780115353e+01
1.96733900816477147e+00
1.29812168343735948e+02
3.68093438422940711e+00
9.55068972720345499e+01
4.21840041995187747e+01
9.40946124777658210e-02
2.97219011880034714e+01
7.15054305060973117e-01
3.72192342148537563e+01
1.40657114800852661e+01
8.98715582270733782e-01
3.77263319267749608e+01
3.74952490954292117e-01
7.60273880077052944e+00
2.90530570509676380e+01
2.13442041482618272e+01
9.00245421442102582e+01
3.19548464673790740e+01
9.02061138841066423e+00
8.27926370761644677e+01
2.28471858156284604e+01
1.03601771082070595e+01
2.47818258706303451e+00
1.74348416107364628e+01
1.50869758022005040e+01
2.48912452088579823e-02
4.32371634637529496e+01
8.73794529103819428e+00
1.26042351109472619e+02
5.64508716711395753e+00
2.43125617234134310e+01
1.42596556645489674e+01
1.37607061840752023e-02
1.47265836292669547e+01
2.02069923432828169e+01
4.75951017862886872e+00
4.50334974780883144e+01
1.92099525593636722e+00
3.04978073207199661e-05
3.70789742462563154e+01
5.21270097541045446e-04
1.38310383959727501e-01
9.88611683459427582e+01
1.02250941418972019e+01
1.01414775329014297e+01
5.63342832520136838e+00
8.70627889995746607e+00
3.12117439334757023e+01
6.08197716656682719e+00
9.94458914253718262e+01
1.79363235318809842e+02
1.31908732558184205e+01
1.19615500802860964e-03
8.20851928170826568e+01
8.91361102790931348e+00
6.00384899218083348e+01
2.25098324046203189e+01
6.45167767357133837e+00
6.40626681091024039e+01
2.72313479094383020e+01
9.70598398145930474e+00
3.92432160014761635e+01
1.32467690032021395e+01
1.35100149953217041e+01
3.20865174839269756e+01
3.62469754845374929e-04
9.49131200463181983e+01
1.19793749836137842e+01
9.05817375636809530e+00
1.59624512600181259e+01
1.69461987743286855e+01
9.72547761404292288e+01
3.37990250852420644e+01
6.91329697745131903e-05
1.76181236964181132e+01
4.83818071706121060e+01
2.32629548082393889e+01
1.62693660152086528e+00
1.10108590239741830e-01
3.18780402448316380e+01
6.56698783697000680e-04
1.21303056384661406e-01
6.76442203531653661e+01
5.42528193412754121e+01
3.61029603055592219e+01
2.31855352773121766e+01
1.37684525724076430e+01
4.04601215028017869e+00
2.68087803480909876e+01
8.46119138375311164e-01
1.34510051353370441e+00
1.55100369119179967e-04
4.97424984482826904e+00
4.90255950548026149e+01
2.70918624816065581e+01
1.97240929635602242e+01
8.18404455483322302e+00
2.03958541688950561e+01
5.61018732749787219e+01
1.05022725561262451e+01
1.71779975617555980e-01
2.80381668303646947e+01
5.67900531940177515e+01
2.54188844223763439e+01
2.16234065632489758e-01
3.64881511991166252e-01
1.33781940123654010e+02
8.13465154618169373e-01
1.74404594721727790e+02
5.88812454552586306e+00
1.16022591543934439e+01
1.15096163000806921e+01
2.86033497696230192e+01
2.94123289673536696e+01
9.84321263023316018e-01
1.53451977810484275e+00
1.34480387253479563e+02
2.89850929684156533e+01
8.34389597088669682e-04
1.44792805271571101e+01
2.25198850832458071e+01
2.70892290089302641e+01
1.00909877979402168e+02
8.93011667539533502e-04
1.55668023309710435e+01
6.83202003954131669e+01
7.11299727361577805e+00
1.67639339419783298e+01
4.83435274971766873e+01
8.92538560844997497e-01
2.88797664906468015e+01
1.75939266283614231e+01
5.52630688099177725e+00
1.80925592130391344e+01
2.59851336605126413e+01
5.92230712644823232e+00
6.44775446120842304e+01
3.63405432277645532e-02
1.94861148446880250e+01
2.22180080082543121e+01
3.77873997548180451e+00
3.25201626388405994e-03
5.09584833560958046e+01
1.68985865472508624e-04
3.40413476580387453e+01
3.80628054862008298e+01
1.50237910021031915e+01
2.79134035116959609e+01
2.16957509853796928e+01
1.09725977485563231e+01
1.43316512660639823e+01
6.39105172445949492e+01
2.22390504072284436e+01
4.85043234817658675e+00
6.76640131318291935e+01
1.68804114820776299e+01
2.64555753860931837e+01
6.73967256597639164e+01
1.97838851078398932e+01
1.68819389232396162e+02
1.58992995787089768e+01
2.16478492192319349e-01
1.98842219290987074e+01
2.21811030864138172e-07
2.49989861309214518e+01
1.01364726751465074e-03
1.90368840816941578e+01
4.29223088640519990e+00
2.67088503190064674e+00
3.46857968506777254e+01
7.65832511665335858e+00
2.46558780326689053e+01
3.07002965355262258e+00
2.28952237649746415e+01
1.30347465814727368e+01
6.99556028231998255e+01
3.07522199293559382e+01
3.42921772474442292e+01
1.44648456547645754e+01
8.11833720300555406e+00
4.41681714222986876e+00
1.67796254982201020e+02
1.71241820206710749e+01
2.70795629971278693e+01
2.36327730735670400e+02
1.50102135656301215e+02
3.75701336080282005e+01
9.76708196560253228e+00
3.38242252768100329e+01
4.08692757587432343e-01
6.07793403810695239e+01
8.80138624373806948e+01
4.20679718154983551e+00
1.46365168863346717e+01
9.64379682558696238e+00
1.37196862880783748e+01
4.92116589674665816e-01
3.04415081438353461e+01
9.06637526648998637e+00
2.26623690137608378e+01
4.51840757606022834e+01
1.53555225636861664e-01
4.40797031927267824e+01
4.09993098939762177e+01
2.89209869132970034e+01
1.86387379610413291e+01
3.20647908150790695e+00
1.11547829574507666e+01
6.73567445561645144e+01
1.06352680762290515e+01
7.98736760643018948e-03
6.89573193218030269e+01
1.86430835617178161e+01
1.53995971164791410e+01
3.79692676353248260e+01
4.66756574779556104e+01
1.73550748867195459e+01
1.06557180779296157e-02
6.98278342263893137e+01
5.16151005553274445e+00
6.67636246548908758e+01
6.04822264523636479e-04
1.42357705228446019e+01
2.81862466384838619e+01
3.23074392828619352e+01
2.50631407865420375e+00
2.80064524301927686e-01
4.35378575033096595e+01
1.82077972388417497e-01
1.35064943739639021e+00
4.62549947314462528e+01
2.39435583115733763e+00
4.76868643447696805e-02
4.29522183621223803e+01
9.47735328531716973e-05
1.65476496134298856e+02
4.43743387834985938e+01
1.14916508220256230e+00
1.64195054696058051e-01
2.46937371405129689e+01
1.42067804790974556e-01
5.65873285023852048e+01
2.74607993199251638e-04
4.04123968896215899e+01
2.66441661198890245e+02
6.45793434918552975e+01
2.97899530925436506e+00
2.68273220295840645e+02
6.49954309116441351e+01
3.73134879251514828e+00
5.02419535710295975e+01
1.55385664177360869e+01
7.21948001123431027e+00
2.96828334915743000e+01
5.31658298099272653e+00
5.83527432969846742e-04
5.12141540768470733e+01
3.70107004550939644e-01
4.15738918601991136e-01
1.97192751303438740e+01
1.12801275394081753e+01
5.97330247950798757e-04
1.05417008350443353e+02
6.30880834924211769e+01
4.94908157135463933e-01
8.66805850811334011e+00
5.48056922206260495e+01
4.52624927126059884e+00
1.86338884809994667e+01
7.15357135610213390e+00
1.21254016289839872e+00
2.84530420169431864e+01
2.28840717167073970e+00
6.25855081138607083e+00
3.32872124654509571e+00
5.83967896001154685e+00
1.78315997934433597e+01
1.35526590935085860e+01
1.06157911008840653e+01
4.83154980560734693e+00
2.17285388959102441e+01
1.86976463629499112e+00
1.40169646779476453e+00
2.32087879717261742e+01
3.70539258278676131e+00
1.60858194454870613e+01
5.28135939773579643e+00
2.16964178109264552e+01
5.02222279133774840e+00
4.80816519906088402e+01
1.78369823675861170e+01
8.13656418050254376e-02
1.00156021895691509e+01
3.18584739482770303e+01
8.12592386215381701e+00
1.99370895461085240e+01
3.49215601663274668e+01
1.41350287564005805e-01
1.20081535134548356e+00
1.49976208725671611e+01
2.08015637760873524e+01
2.84952339907016068e+01
2.77340881969017268e+01
3.77067781239666866e+00
1.53395184752910502e-01
2.43307863186131144e+01
4.35158184966339689e+01
3.08589640827913456e+01
4.94923781248809008e-02
1.59091543539083801e+02
6.25194038826806278e+01
4.36602151846260042e-02
3.43693590213475009e+00
2.53564426216087107e+01
1.12522092541023184e+01
3.39134812428896737e+00
1.18922155926756865e+01
3.56740567944203590e+01
3.94337276129039509e+01
1.41139576807111311e+00
1.15639177032495155e+01
8.90246865286793252e+01
5.22851744371387284e+00
4.10150085236572366e+01
2.27564740326288870e+01
7.56523390297883935e+00
4.92161312937237554e+01
7.21863480329741236e+00
1.82674506203834426e+01
7.29067203821023944e-03
1.09725258707578362e+02
7.77421911505459651e+00
1.43315952485881404e+01
1.78941856363572604e+01
5.49958079449563270e-04
4.09355201290517101e+01
1.80639299128688400e+01
1.31075729724943795e+01
1.86397360907920060e+01
7.25269093671361453e+00
1.17746734519171756e+01
2.96491298775412426e+00
3.52604135603287148e+01
1.09012236078524651e+02
1.07474179856214747e+01
2.42403459358538598e+01
2.42389510593372144e+01
1.59277899633476867e+01
1.98332589773150971e+01
2.83332945215011094e+01
1.50546226087534674e+01
6.61208286974542236e+00
6.08236265452291036e+00
1.38693448722833690e+01
4.00482924731937189e+01
2.84237358598303835e+01
1.57798428116385523e+01
3.97964213285310890e+01
1.02943524605198959e+01
1.25314491362998996e+01
3.91741984031802133e+01
5.51004502167935861e+00
3.35406944797065663e+01
1.19492604986140876e+01
1.68432076093493777e+01
3.37792181533464202e+01
1.13775742373042004e+01
2.00239780891961594e+01
1.95256149698816834e+01
4.50406940922158772e-01
2.07953735185722373e+01
4.95159427828358822e+00
1.02530322031441798e+01
3.38287139334215752e+01
5.56348180436803341e-01
1.06149378861416235e+01
3.86299270171784102e+01
4.89438203231958511e+01
1.74262526596257530e+01
7.31039346926344820e+01
8.61352767938551422e-01
3.47125394269475057e-02
1.04118418897126404e+01
1.80350204288299381e+01
1.65531376814574216e+01
1.51308882395800914e+01
9.28696117829282741e+00
2.58215058212707449e+00
1.31880021092461192e+02
4.33116695259896858e+01
8.08309381549119577e-01
3.65868411137863347e+01
4.29746352596913539e+01
4.43852362652231758e+00
3.60005096743359729e+01
6.56329332906777463e+00
2.84361969965962516e+01
1.56089753666191111e+01
1.61936967544361288e+01
5.19732787894475656e+00
1.46756952949858270e+01
1.33123833358626431e+01
1.19213691515346158e-02
1.11878234744734382e+01
1.23552169279303623e+01
2.45695959759619953e+00
4.10514832128253033e+01
1.89460442519076828e+01
2.47253526702586159e-03
5.93321801409156393e+01
1.56691323148010153e-01
1.35111285359363453e+01
9.92595097162821531e+01
6.03568548546898676e-01
1.81369217351709224e+01
8.18328391445487213e+00
2.25907580711151219e+01
2.25958014430000187e-01
1.10900924482389875e+01
1.29375011187353213e+01
2.79724064330256894e+01
6.48846651488256043e+00
5.65065992115910791e-03
2.55058828251962808e+01
1.69011886329406877e+01
1.95923221857437255e+01
6.50648918131558496e+00
8.83550513261765168e-03
4.44374929686627027e+01
3.55367152620468385e+00
1.96219727104609103e-02
1.46289616241514011e+01
3.83514164031381313e+01
1.79043575428041635e+00
1.86201767270806116e+01
1.15893875186389703e+01
7.08013932111906819e+00
3.91800855516340860e+01
2.07397751272468476e+01
6.43296705093260091e+00
6.87439222084915684e+01
8.23110740575854982e-01
1.80713400042913150e+01
5.56204665344472318e+01
3.30819346126146696e+00
4.23722470409298211e+01
2.80564426374649756e+00
8.22108695323683802e-01
3.24980126412107598e-07
7.72958564928552970e-16
8.89999996750198790e+01
1.77041579279307726e+01
6.10833144993910143e-02
3.92347587575698356e+01
2.78599329294620297e+01
1.86019561780471214e+01
8.53811089249084887e+00
1.86663439246829022e+01
2.26770422262951676e+01
6.65661384902193198e+00
6.82508668708001753e-02
4.89968263587237658e+01
9.34922774405422374e-01
1.14593048997185913e-02
3.76671205547668153e+00
2.12218286396235989e+01
1.98815323685479726e+01
1.25962170087821441e+01
3.25222506226698798e+01
9.60479676166460017e+00
7.12587183826861832e+01
4.41364848556492007e+01
1.19929224119883937e+01
2.38194810985391143e+01
3.18759648947248664e+00
3.94955940182097498e+00
2.20348891831194074e+01
1.00155514150596190e+01
1.91419951563766837e+01
1.24340278300337914e+01
3.04239770135895142e+01
2.79494183472559712e+01
5.05446077081419115e-02
3.70450358794298206e-05
3.90647203342746678e+01
1.80242885163205829e-01
3.75503678056212920e+00
9.28606133888396812e+01
4.15007153650731375e+00
1.98931507465298640e+00
1.24529416951778575e+01
3.15037528382790949e-02
2.15155545519838647e+01
1.49110318571632980e+01
3.51737417958853715e-01
1.57372307248778469e+01
1.60907058953672291e+01
5.62613594633404634e+00
1.28315815829872992e+00
8.30937366770298951e+01
2.87802291078933248e+00
1.90282404121807822e+01
1.41978222857361587e+01
1.72307016636475985e+00
1.90791075478990848e+01
1.80843674877232203e+01
1.90058475513413128e+00
8.01504775714264639e+00
1.13720221372003053e+02
6.53296253473951225e+01
1.59501532806018016e+01
2.67692340200437791e+01
1.79664994652817285e+01
3.42642665146744818e+01
1.88853801335901146e+01
7.25270989538682809e+00
3.08619099710230564e+01
8.80671397382700860e+00
7.49915803845649354e+00
1.26941279877164934e+01
3.04427812198503176e+01
1.82433395752787746e+01
1.23138792048709060e+01
7.72377563934647426e+00
1.71189867799179929e+01
1.11572375807355364e+01
1.30633322108862643e+02
8.85783286764925215e+00
4.55088450234880781e+01
3.22380004879910089e+01
3.80294146702875722e+01
7.73258484172141625e+00
6.77741315274246858e+00
1.97256100527093171e-55
2.42225868472575314e+01
2.29680367384674113e+01
1.01525324480312013e-02
6.02181072908455839e+00
1.49845193990422239e+01
1.83616954945097426e+01
1.65378510644803267e+00
3.68490901059052760e+01
5.97717583045905059e+01
7.37915158950423411e+00
2.38268457623749903e+01
3.82776607484083960e-04
1.17277146101752616e+00
4.41865657110781273e-05
1.98254399578948544e+01
5.17451585553943794e+00
5.81418931085491142e+00
3.40711407996391742e+01
6.41146698895059046e+01
2.19488866698715701e-01
1.12984454639058320e+01
2.34820656693954497e+01
1.38806814981881104e+01
1.96280631745585268e+01
5.49125532725336019e+00
1.46791179719241747e+01
3.13869087523097889e-01
8.00701294055272683e+00
2.40374216189844461e+01
1.84390911605744741e+01
5.52348722044107987e+00
7.45538706963337461e+00
4.05292810402746184e+01
6.01533189009200164e+00
1.61247165823373777e+01
9.67877145501090297e+00
2.19651196265171977e+00
3.46046341857359074e+00
2.91680239903561258e+01
5.37151259107028167e+00
2.90928174310152059e+01
8.06495474689273806e+00
1.84222782209205693e+00
5.96859521994434132e+01
5.33127882764405925e+01
1.25952411599846294e-03
1.54972729285365762e+01
1.80870602267769853e-01
1.33218564691956516e+01
1.98009241205868314e+01
1.35069564670030895e-02
1.18556892294616101e+00
1.99944222246535794e+01
1.56384954555606415e+00
1.44172822979036086e+00
5.48563155393854696e-02
1.15142185018829793e-02
4.39336294659587310e+01
4.02832423847662158e-01
3.42578595211808709e-02
6.75629097166311681e+01
2.22926513380128671e-01
8.43477575164434228e+01
5.42931597017647327e+00
3.37885273578421419e+00
4.14432705089591451e+01
1.77876755256649838e-01
8.71350362604651707e+00
9.37068077697463764e+00
9.91581559697884884e+00
3.24415950715540191e+01
4.90589294076109468e+01
1.04994755208350519e+01
1.96415291376780465e+00
2.35020905383417134e+00
2.26856380323980247e+01
1.37875374480510366e+01
1.66948761514349435e+01
1.51758640051402116e+00
3.52098875230104913e-01
2.18149990932927942e+01
7.83290203147710073e+00
1.78980764447193970e+01
1.69307247754888941e+01
2.17119877979170806e+00
3.64287506302088637e+00
2.12607471550757786e-02
3.73358641898240293e+01
1.15488430345625712e+01
2.15619541711620606e+01
1.58892027942753558e+01
1.43758932316958639e+01
3.24085636369648977e+00
1.03832504046076473e+01
3.79247521199580078e+01
5.04818194884188465e+00
2.70659312001094929e-02
7.23298618465569554e+00
3.07668667490847767e+01
1.47066259523350921e-04
5.53621932421373675e+00
1.04359817125274645e+01
1.20277989632587961e+01
4.04489767315173268e+01
3.76269531334020115e+01
6.19240701350806759e+01
2.14045145496303100e+01
2.45538078393915893e-01
7.34994737197577397e+00
6.21633990151667248e+01
2.48555537493809844e+01
7.98104723545229167e+00
7.59224802981773461e+00
6.15855712573323100e+00
1.22491948444490362e+01
3.07162474946623014e+01
5.13464640806119199e-01
4.77028786453157583e+00
2.50309319306228453e+01
8.95614241946897871e-01
2.80734538274302707e+01
4.40713879780199207e+01
1.45694111041743873e-01
2.78291791093832996e+00
1.80292673552611014e+01
1.47989210505102662e+01
3.17181159422862935e+00
1.55243571432167077e-01
3.86819634950184343e-01
2.64579367936176517e+01
1.88696904271918307e+01
1.81018392910630652e+01
2.84702817451048147e-02
1.69095970429937879e+01
9.37564140635775978e+00
3.71476155064844926e+00
1.12228158649042555e+01
1.37549106667537764e+01
2.22734683419707480e-02
2.92909448090843085e+01
1.25473282140490205e+00
4.45432236951078053e+00
2.45806603722620096e+01
1.33057107505865773e+01
1.31136288771514167e+01
2.80446111354465941e+01
1.37964368548618754e+01
1.58952009691523649e-01
6.50623845404155343e+00
1.60259871726977520e-04
5.24936012860867223e+01
2.45310901266978441e+01
3.10540813944852836e+01
5.94148284788168723e+01
9.54858988236478190e+00
1.87754819944958840e+01
8.67592812313933770e+00
5.30802712044080471e-01
4.54348845896126807e+00
2.49257088289946545e+01
1.61862927965287540e+01
4.84296898402316600e+00
1.59707382194480711e+01
1.91846901449541640e+01
1.10827203837920388e-02
6.80422713466203977e+00
1.92025660286201934e+01
4.38219649486206418e-03
5.67930517748849510e+01
2.11650856897314057e+01
9.01365159092090063e-09
9.83491430125494404e+00
1.01050622267066377e+01
1.69440744020014051e+01
7.95086337129195275e+00
6.95273910762113534e+00
2.27477792187218775e+01
5.29948167365699074e+00
6.15703444458716831e+00
2.16840301250564522e+01
1.15893543035638169e+00
3.41806517451997660e+00
2.10352597955090665e+01
4.54667502997095330e+00
7.95429096326364089e+01
3.22508783933085681e+01
1.20621197405502745e+00
5.74060144435999007e+01
8.25581557918542615e+01
3.58297645458262246e-02
2.65270389476573101e+01
4.28752773484639693e+00
2.91854333174962974e+01
3.08695932601362060e+01
2.08257201876948465e-03
1.61283241678450189e+01
3.77620237612910188e+01
2.68991083857796978e-02
3.32110771303231971e+01
1.38314681749203121e+01
1.83549984671597741e+01
1.18135333579199155e+01
1.77084680008702078e+00
2.90990995369386312e+01
1.30053662974350143e-01
1.55431781332699508e+01
1.15343470058232700e-01
1.23414783966718176e+01
3.99433830897035023e+01
4.42506690593097163e-02
1.04012366241237160e+02
8.26186820599480731e-02
5.69068207279511817e+00
3.02266992451449390e+01
6.67895163195520586e-02
1.25604486109221742e+01
1.43727618727582716e+01
3.83494234732942307e-01
4.54332383259634511e+01
7.18326743930360045e+00
7.05258778313553854e-04
7.23279234514472534e-03
4.79920619488765468e+01
8.10798260291566023e-04
2.48634060157524566e+01
1.35783185987252669e-01
6.38940815719514816e+01
8.19742231370140517e-02
2.39442049115070749e-02
5.72410177167610446e+00
2.72219959423990900e+01
4.05390228592480995e+00
1.29042759482964176e+01
9.06386061548290154e-08
9.09572396106497649e+00
1.82437290763460602e+01
1.17331530825412944e+01
1.02311784111264403e+00
2.04643010042038354e+00
1.81741488134453242e+01
5.77942108613429184e+00
1.42353678431519359e+01
8.11951438481846566e+00
7.64511777202960197e+00
2.92145884541123948e+01
5.77191201041841229e+00
1.34995354691934168e-02
3.43287123592455501e+00
3.45633813268164403e+01
3.74743725900620120e-03
2.03587639409386973e+01
7.49413717292162894e-12
2.64123605905380687e+00
3.07514502617048979e+00
5.62093669602543056e+00
2.23039182778040797e+01
9.84952751808963853e+01
3.60574340819575170e+01
2.24472907371460657e+01
1.40321637928230665e+01
3.45072273805608828e-02
1.99333289797963786e+01
1.17921212787156264e+01
1.64181005384741070e+01
7.89778182810266793e-01
2.04356973842593170e+01
1.15267350570361256e+01
3.75675587045568304e-02
2.59016990004737302e+01
2.69349150948353291e+01
1.63385904690931949e-01
1.89948667106278464e+01
8.00513241685374588e+00
8.72518411872608776e-07
1.30574402803532507e+02
3.20609641040796944e+01
8.43646330923877485e+01
5.67594134896534985e+00
1.80656934357999255e+01
1.02583652152347256e+01
4.34150433999980490e-01
3.15636311490486037e+01
2.21841695141428803e-03
2.35407317235536961e+00
1.76362113332055479e+01
9.00971549443908515e+00
3.39999475427711246e+01
4.53170199353370454e-05
7.14020894275667008e-06
1.39259678265367501e+01
1.78154950686100797e+01
2.25853710485317238e+00
7.91426752193892291e+00
7.57417051428367927e+00
1.05115619637773978e+01
2.01406037492390805e-01
1.45814646287209690e+01
1.92171293337866409e+01
2.07021954046078953e+01
4.98709647082816865e+00
4.31070812456393515e+00
7.56594746209206415e-01
2.28588557717431691e+01
2.52384549482047618e+02
4.96115606711685952e+00
5.87782956012096047e+00
2.21610143727621747e+01
2.47403395124600713e+01
2.24921169813104260e+00
1.04487894088922274e-02
4.41779761093215040e+00
4.23509650071142651e+00
1.63471058883564240e+01
2.44731837547555209e+01
5.25914437370657240e-01
9.01807873818977158e-04
6.85453819985220036e-02
2.38179509864994650e+01
1.11135036315020148e+01
6.51443658412732134e+01
2.01665198807669519e+01
3.16891142779598383e+01
7.24695381447003761e+00
5.76200714088372390e+00
4.79910390446462429e+01
1.16886641040349097e+01
6.62446775814413602e+00
5.68686813782095513e+00
4.27136006139498914e+00
2.04407914536733877e+01
2.87848484931628679e-01
1.76029608215173745e+01
9.51829023564966903e+00
1.87874894283295180e+00
4.22805193337276997e+00
6.89267728051315698e-02
5.07030212938221112e+01
1.56157804300683907e+01
2.17734458771902091e-03
1.33820422253438895e+01
5.77038238902426528e+01
6.53996398971473099e+01
8.96536212610050343e-01
