1.96841404835733897e+02
1.55451728666281042e+02
3.40706866497985231e+02
2.81718867541807072e+02
1.68127616050056020e+02
1.91153516408137051e+02
2.59416136936604687e+02
1.32644904810289347e+02
2.98938958253105795e+02
2.20583729808414859e+02
1.54549135207853652e+02
3.18867134983731546e+02
1.80191369014895798e+02
1.69823150802214116e+02
3.22985480182890115e+02
2.84405797871357720e+02
1.54329776386480546e+02
2.43264425742161762e+02
3.53268539839081939e+02
1.25575707700950531e+02
2.37155752459968141e+02
5.47584577702006428e+01
1.23166238880446429e+02
5.21075303349352453e+02
2.92759319757826518e+02
1.19196693534704707e+02
2.95043986707469173e+02
4.18564118908466355e+02
1.81693019834925025e+02
1.37742861256609018e+02
2.32599716290474163e+02
1.54514413811348447e+02
3.22885869898177702e+02
2.84485105295875428e+02
1.68844102585679167e+02
2.58670792118445263e+02
1.52147553776675323e+02
1.04873135154070255e+02
4.47979311069254322e+02
1.29818885490605027e+02
1.43122434831234756e+02
3.75058679678160559e+02
1.53125403054244629e+02
8.74754937678847995e+01
4.45399103177870359e+02
2.09651832872795779e+02
1.54372806027043197e+02
3.58975361100161081e+02
1.85174372004071444e+02
1.17554723693099703e+02
3.75270904302828853e+02
2.17786786902780705e+02
1.18554704452538815e+02
3.08658508644680524e+02
2.57846179747582028e+02
1.78622995530879905e+02
2.89530824721538238e+02
1.93025075906700295e+02
1.06673113391512459e+02
3.74301810701786508e+02
3.07900271293919786e+02
1.39253326820745116e+02
2.74846401885335581e+02
1.20202790651060937e+02
1.31190316631992289e+02
4.16606892716946845e+02
2.88601513868431084e+02
1.88895938837361570e+02
2.00502547294207460e+02
1.96054084534317269e+02
1.39008180660466309e+02
3.37937734805216735e+02
2.15084467970850824e+02
1.01953974558412895e+02
3.10961557470736409e+02
2.57217243335907369e+02
1.10946284643466512e+02
3.65836472020626104e+02
2.16780158168999577e+02
2.09998385695359531e+02
2.46221456135640580e+02
3.05620998075231341e+02
1.61700163885728188e+02
2.73678838039040443e+02
2.00633567292778622e+02
1.57698987184903643e+02
3.92667445522317507e+02
3.04681868576605325e+02
2.44261398083508851e+02
1.70056733339885881e+02
1.53445087198518877e+02
1.36396413706133046e+02
4.02158499095348304e+02
1.82502566506697519e+02
1.58635885470581371e+02
3.18861548022720854e+02
1.59165812874916327e+02
1.74188522357109719e+02
3.53645664767974097e+02
2.12967873739800808e+02
1.72767265687745834e+02
3.10264860572453415e+02
2.42410349959111215e+02
1.66673877178964119e+02
2.94915772861924097e+02
2.87563717751028719e+02
1.19478500372427533e+02
3.06957781876544232e+02
3.10569977171814230e+02
1.43424601103130698e+02
2.98005421725054987e+02
1.59878618160463390e+02
1.86513872841665147e+02
3.28607508997871150e+02
1.92234230735234149e+02
1.02009625159375332e+02
3.76756144105390433e+02
2.45601183552185660e+02
1.44358364355745181e+02
3.01040452092069131e+02
2.09155176767824173e+02
1.13502286121500447e+02
3.49342537110675494e+02
2.38991723994422387e+02
1.91645950876440622e+02
2.53362325129136707e+02
2.73435881935880161e+02
1.08754609894390356e+02
3.34809508169730123e+02
2.66732267456312115e+02
1.61493326485956800e+02
2.36774406057730999e+02
3.27721014593799339e+02
1.48766733570800909e+02
2.18512251835399411e+02
2.90997027015065783e+02
1.59083998990446162e+02
2.55918973994488113e+02
4.03086932528839384e+02
1.65418699639808153e+02
1.76494367831352008e+02
3.31941381167216491e+02
1.86227502299674228e+02
1.62831116533108997e+02
2.83526687243133210e+02
1.41344408575162305e+02
2.70128904181704513e+02
3.65780261858693166e+02
2.36823154611434603e+02
1.34396583529872061e+02
1.97192339003960058e+02
1.73140389992633743e+02
3.60667271003406427e+02
2.37415332690161563e+02
1.55240254593592084e+02
2.79344412716246495e+02
2.58573968376426308e+02
1.52789374262971506e+02
3.01636657360602385e+02
2.43078323432170095e+02
2.47653896490880129e+02
2.19267780076950146e+02
1.73857343482138191e+02
1.71436598303856215e+02
3.13706058214005452e+02
1.77386069300757526e+02
1.33988154293622955e+02
3.92625776405619604e+02
3.16778362714148216e+02
1.17950928785261880e+02
2.42270708500589961e+02
2.47251929955387112e+02
1.31632793573654340e+02
3.26115276470958463e+02
2.06899864686749282e+02
9.16449036123635778e+01
3.87455231700886429e+02
1.44729156220324626e+02
1.04443741567737248e+02
4.48827102211937984e+02
2.36971179746659487e+02
2.19997715269045841e+02
2.12031104984294899e+02
2.41236812556746997e+02
1.61444021942604479e+02
2.82319165500649092e+02
2.78589988846609629e+02
1.17638491606744552e+02
2.46771519546645891e+02
2.66161815116817820e+02
2.45515206872984862e+02
2.34322978010197488e+02
3.18015090793200159e+02
2.16833860861743744e+02
1.38151048345056154e+02
1.54135487343312832e+02
1.62208568856455685e+02
3.64655943800231569e+02
2.10565559852214108e+02
1.34635664093592339e+02
3.61798776054193240e+02
2.91043921166991254e+02
1.35153924093515769e+02
2.72802154739492778e+02
1.74471816047933629e+02
9.12102330892230242e+01
4.08317950862843645e+02
2.74899858479226282e+02
1.02751526634548469e+02
3.15348614886225107e+02
2.12148569116321312e+02
1.70749898512624696e+02
2.84101532371053509e+02
1.30932185339100499e+02
1.27924966261863005e+02
4.14142848399036041e+02
1.99225715016114293e+02
1.57270059086557922e+02
3.43504225897327956e+02
1.77510119675549703e+02
1.53966652087552205e+02
3.55523228236898490e+02
2.41756061339468033e+02
1.58854380825256925e+02
2.70389557835275070e+02
1.49461636129667056e+02
1.72400892081065734e+02
4.22137471789267408e+02
3.39502505757709969e+02
1.60329394772866380e+02
1.74168099469423623e+02
3.09148043406418253e+02
2.06663047545039831e+02
1.94188909048542058e+02
2.36752667607822900e+02
1.51636984381796196e+02
3.48610348010380562e+02
2.68142328959660517e+02
1.11136499200583160e+02
3.29721171839756266e+02
4.42693856388473876e+02
1.44905874645005468e+02
1.22400268966520557e+02
1.57196094627630799e+02
1.16118796482515734e+02
4.51685108889853495e+02
4.25177368444325737e+02
1.60811743909181160e+02
1.83010887646493387e+02
2.90899862481300261e+02
1.65426671358959823e+02
2.70673466159739689e+02
2.13299265945236812e+02
7.23351849244553762e+01
3.90365549130307670e+02
3.27074206569575097e+02
1.95570754439657691e+02
2.00355038990767156e+02
3.08751558623232199e+02
1.89962340801207574e+02
1.64286100575560141e+02
2.14155698122459683e+02
5.81328754041887450e+01
3.69711426473351764e+02
2.62673150209371215e+02
1.49293197886951873e+02
2.74033651903677139e+02
2.46495086195283989e+02
1.72970713014972262e+02
2.65534200789743579e+02
3.61538726013601718e+02
1.21890673425378822e+02
2.08570600561019319e+02
2.93940805528375506e+02
1.83682970041363916e+02
2.41376224430260777e+02
2.92044023699918512e+02
1.34357127413399667e+02
2.39598848886681566e+02
2.87936481498456601e+02
1.26903888734922830e+02
2.93159629766620355e+02
2.94071147942674202e+02
1.12710477643678047e+02
2.62218374413647894e+02
2.28660211544700331e+02
1.88026075144633069e+02
3.02313713310666571e+02
2.53757872318979508e+02
9.30995466863195418e+01
3.56142580994700666e+02
2.50065048915217034e+02
1.72721975036983906e+02
3.38212976047799032e+02
2.06643339807170833e+02
1.30691777150721123e+02
2.69664883042107988e+02
2.36770046056415651e+02
1.23615484326530904e+02
3.18614469617053260e+02
2.08815432328657238e+02
1.38618870576178608e+02
3.04565697095163728e+02
2.73143480242865508e+02
1.20793031556229622e+02
2.81063488200905397e+02
2.90859526345823951e+02
1.61267057329216271e+02
2.37873416324959891e+02
2.13491415469279787e+02
1.23384690972379516e+02
3.34123893558340455e+02
2.33652019771887780e+02
1.99530680034362376e+02
2.32817300193749787e+02
2.45111909399552417e+02
1.03587215362157082e+02
3.75300875238290757e+02
1.28193153419547514e+02
1.04913547441916833e+02
4.68893299138535554e+02
2.33249210406723137e+02
1.54116151873002025e+02
2.98634637720275236e+02
2.31994389562722716e+02
1.34455720223150081e+02
3.18549890214127345e+02
2.10885434211821149e+02
1.59157432167738364e+02
3.48957133620439834e+02
2.12403674527330907e+02
1.37204949550768106e+02
3.69391375921901158e+02
2.49625761051122453e+02
9.09445632309188312e+01
3.05429675717957821e+02
3.12923879680746495e+02
1.36665577153509759e+02
1.59410543165743974e+02
1.74772227375386677e+02
1.08671561916718545e+02
4.01556210707895218e+02
1.93869762583705182e+02
1.16734360707158729e+02
4.03395876709135791e+02
2.08449270711038281e+02
1.46484505173646824e+02
3.12066224115315379e+02
3.13463344576703832e+02
1.66237262278324863e+02
2.22299393144970878e+02
2.98546991937378891e+02
1.85836659494351125e+02
2.10616348568269473e+02
2.01931272204588311e+02
1.49529026408067637e+02
3.73539701387343598e+02
2.22586428937754647e+02
1.77135788218677419e+02
3.21277782843567934e+02
2.71914390839154692e+02
1.92546644768758938e+02
1.81538964392086427e+02
2.69796010680785059e+02
8.54425182316236942e+01
3.47761471087590849e+02
2.58044854413510279e+02
2.10882504977047461e+02
2.52072640609441976e+02
1.81858432161027650e+02
9.15987609187841230e+01
4.17542806920188411e+02
3.82465671153060782e+02
8.09252565802356969e+01
1.82609072266703265e+02
9.61537640528337079e+01
1.48708187677127029e+02
4.49138048270039235e+02
1.50955370091766355e+02
1.38844299904693969e+02
4.22200330003539534e+02
2.31959898499044016e+02
1.15381001778395088e+02
3.47659099722560313e+02
2.00214790239548194e+02
1.54349459576886574e+02
3.38435750183565403e+02
3.32695882520981172e+02
1.72842743879547498e+02
2.12461373599471301e+02
2.39443180123135022e+02
1.73335980325775466e+02
3.16220839551090023e+02
3.52790585809812342e+02
2.52212234553599046e+02
9.39971796365886973e+01
1.84593147054071636e+02
1.46308328249339610e+02
4.23098524696588754e+02
2.60885378603444451e+02
1.26635780473207902e+02
2.88478840923347150e+02
2.82084906157881051e+02
1.68560507968320138e+02
2.34354585873798726e+02
1.96803195800150775e+02
7.25280548739006861e+01
4.24668749325948966e+02
2.17524604743218731e+02
8.37621145016496911e+01
3.74713280755131393e+02
3.45081509085417679e+02
2.09799894175083182e+02
1.89118596739499111e+02
2.53870082375639953e+02
1.08262495767157176e+02
3.39867421857202828e+02
2.16930091290330466e+02
8.29628683438273953e+01
3.71107040365842749e+02
1.41253005577405503e+02
2.02136440384202189e+02
3.49610554038392479e+02
1.28915994185176345e+02
1.19854799364965828e+02
4.55229206449857941e+02
2.46590185509166133e+02
2.09805484979818061e+02
2.90604329511015749e+02
3.24723393435484127e+02
1.87508314148838480e+02
1.53768292415677138e+02
2.75696212521717484e+02
1.36925905029486898e+02
2.74377882448796072e+02
2.27908486284920798e+02
1.22246676456165474e+02
3.53844837258913628e+02
1.64235100491927454e+02
1.68046586890679833e+02
3.54718312617392826e+02
2.30572222498972849e+02
2.20281500106944833e+02
2.98146277394082460e+02
2.52476069892727793e+02
1.11221932116847896e+02
3.42301997990424127e+02
2.53952012003497686e+02
1.10306057746570190e+02
3.58741930249932352e+02
2.81842458425961752e+02
1.54637961007055111e+02
2.52519580566982967e+02
2.59988644035783864e+02
1.15289005362249199e+02
3.18722350601966639e+02
3.14927481217638217e+02
2.16499341198098875e+02
2.13573177584262794e+02
2.84795501077431709e+02
8.67093448123294621e+01
2.83495154110239184e+02
2.68753570087713911e+02
2.18555488457186897e+02
2.28690941455099050e+02
3.11215439173835421e+02
1.97663103364705478e+02
1.91121457461458675e+02
1.94973090278367295e+02
1.66071623293136071e+02
2.80955286428496152e+02
2.50682362600053125e+02
1.70210879902783233e+02
2.97106757497163869e+02
2.85816655115545643e+02
1.58071192400499626e+02
2.43112152483954645e+02
1.85104329581793706e+02
1.54654223649318766e+02
3.67241446768887442e+02
1.03446429496886140e+02
1.10668539352618950e+02
4.88885031150495024e+02
2.74437612395872179e+02
1.47681911948032649e+02
2.60880475656095427e+02
2.17864609833743259e+02
1.09619769441493148e+02
3.22515620724763039e+02
3.07579753014785638e+02
1.13751423391917427e+02
2.55668823593296878e+02
2.79013618737476691e+02
1.05581538066059593e+02
3.18404843196462991e+02
8.80257236750816787e+01
1.50556582891260433e+02
4.53417693433658144e+02
2.57424445040491435e+02
9.30785987813281821e+01
3.51496956178180540e+02
2.22621297264676485e+02
1.44398320701423813e+02
3.21980382033899673e+02
2.54507343933167107e+02
1.82816528274827391e+02
3.26676127792004593e+02
2.93553685767744867e+02
2.28346960849676520e+02
1.39099353382578073e+02
2.82199489636466126e+02
1.65099416157499434e+02
2.76701094206033986e+02
2.58489088316806260e+02
1.58720363373812916e+02
3.44790548309380426e+02
3.37048513242750630e+02
1.74018704418960624e+02
1.54932782338288661e+02
2.03416507689506460e+02
1.60455847855952726e+02
3.15127644454540473e+02
3.48757866283865098e+02
1.82461781716148266e+02
2.08780351999986493e+02
2.22986358407886087e+02
1.49776695694257171e+02
3.20236945897856572e+02
2.69403286386107197e+02
1.05620788041879933e+02
3.64975925572013466e+02
2.45073376193696788e+02
2.08066768787434711e+02
2.35859855018868330e+02
1.24793678237882261e+02
8.34716405777658537e+01
5.06734681184351473e+02
2.00902901260478956e+02
1.28474506913126788e+02
3.35622591826394114e+02
3.18252141966882107e+02
2.21377671862981572e+02
1.54370186170136662e+02
2.71352602473035290e+02
1.80400056305631836e+02
2.48247341221332846e+02
3.30800784361191575e+02
1.30214287979391713e+02
2.40984927659416485e+02
2.30312362995200175e+02
2.03226976977532246e+02
3.10460660027267920e+02
1.88872793914351774e+02
1.47607361895403017e+02
3.47519844190245180e+02
2.49961363156859477e+02
1.61455316154136312e+02
3.20583320689004893e+02
2.88711172678645369e+02
1.50220007158955212e+02
2.48068820162399220e+02
1.92583480744794372e+02
1.34435539041089953e+02
3.88980980214115959e+02
2.54192937378672610e+02
1.77210776533185197e+02
2.22596286088142676e+02
2.36127553634632534e+02
1.46867219054793708e+02
3.55005227310574242e+02
3.41970175605018426e+02
1.99134595409727467e+02
1.54895228985254448e+02
2.05941680305603967e+02
1.65073384750687183e+02
2.40984934943709476e+02
2.29814977771417347e+02
1.48152421823607881e+02
3.18032600404975142e+02
1.82371679482029379e+02
1.79272847072782639e+02
3.32355473445187556e+02
2.30391140385195513e+02
1.32321517220079869e+02
3.53287342394724249e+02
2.48261444509471175e+02
1.50061364587959815e+02
3.15677190902569293e+02
3.95035809296079492e+02
1.46717611228989199e+02
2.09246579474930996e+02
2.02174854610331948e+02
1.67777236896986636e+02
3.07047908492681358e+02
3.72271443087549414e+02
1.36762692279084519e+02
1.98965864633366607e+02
2.77706117238489469e+02
1.80730259063757728e+02
1.91563623697752661e+02
2.50702080054564192e+02
1.93732264399971427e+02
2.88565655545464267e+02
3.22295342742624143e+02
1.75439506554475258e+02
1.91265150702900826e+02
2.92884050576758966e+02
1.68763002998101115e+02
2.45352946425140090e+02
3.25123663561069350e+02
1.11810905489775763e+02
2.86065430949154745e+02
2.41309111248935181e+02
1.66056750481631042e+02
2.84634138269433151e+02
2.55739984149154253e+02
1.29618145179250376e+02
3.20641870671594972e+02
2.03364200260462411e+02
1.11759129685741030e+02
4.10876670053797056e+02
2.25368320158243762e+02
1.75746550604151878e+02
2.78885129237604701e+02
1.72246487927939086e+02
1.17473370675268484e+02
3.74280141396792942e+02
1.58697646425288752e+02
1.00052633746232956e+02
4.50249719828477964e+02
2.34243237147689172e+02
1.63931118560565835e+02
3.06825644291744652e+02
9.17378921421623943e+01
1.60668153259962736e+02
4.10593954597874301e+02
2.26964390958148698e+02
1.28723975747650201e+02
3.75311633294201044e+02
2.84814141355484708e+02
6.27881815794472189e+01
3.15397677065067342e+02
1.87951231676691862e+02
1.35406221350178470e+02
3.82642546973129754e+02
1.86393298974920441e+02
1.96039864648220572e+02
3.03566836376859044e+02
3.33048051675594081e+02
1.81227699348246631e+02
2.34724248976159799e+02
2.31000126661131816e+02
1.42377397205153898e+02
3.03622476133714315e+02
2.88399332780436964e+02
1.49009452473049549e+02
2.55591214746512890e+02
2.43473534534173268e+02
1.26863853439222041e+02
2.91662612026604734e+02
1.22608492993308914e+02
1.21886530391114604e+02
4.70504976615576368e+02
3.23801711757612225e+02
1.94101213417044704e+02
2.03097074825343299e+02
1.82422612379160427e+02
1.43616238854710531e+02
3.68961148766129156e+02
2.19823030955091582e+02
1.41286219660203614e+02
3.23890749384704407e+02
2.21373804468240110e+02
1.81190578518059169e+02
2.77435617013700778e+02
4.16724575478559643e+02
1.54425072239852028e+02
1.59850352281588613e+02
2.11241950574506319e+02
1.97508340111457187e+02
3.01249709314036068e+02
3.23969714708773381e+02
1.03073039383998761e+02
2.76957245907228071e+02
2.45274380016978171e+02
1.01726154770653849e+02
3.83999465212368307e+02
3.23430803434727181e+02
1.11902684519654670e+02
2.75666512045618219e+02
2.82825638893800942e+02
1.95589371174219281e+02
2.29584989931979550e+02
2.65075300442270304e+02
1.20406084329202486e+02
3.13518615228527381e+02
2.59671197555634080e+02
1.50340792272854230e+02
2.61988010171512258e+02
2.11534739262661077e+02
1.72645540193324621e+02
3.00819720544014160e+02
1.59633972831696042e+02
1.26468232130354266e+02
4.58897795037949663e+02
2.84407055616736500e+02
1.34782783219436936e+02
2.85810161163826763e+02
1.75662010776458715e+02
1.15345299031291745e+02
3.96992690192249484e+02
2.67476907199423863e+02
1.69380564301973124e+02
2.63142528498602985e+02
2.49722535538388655e+02
7.56997315922188960e+01
3.74577732869392435e+02
2.37635004774713622e+02
1.45728756483192853e+02
2.44636238742093752e+02
2.63326372204266931e+02
8.78832623721026920e+01
2.98790365423630249e+02
1.78160622023982768e+02
8.88806642693171796e+01
4.63958713706700337e+02
3.28889964019612023e+02
1.93429471381152069e+02
1.96680564599236220e+02
2.16284085619903180e+02
1.13286335192805481e+02
2.96429579187291893e+02
3.02430229092893114e+02
1.45705040586665035e+02
2.67864730320441254e+02
2.49650741759605040e+02
1.62855939155575840e+02
2.90493319084819973e+02
2.02870623920759471e+02
1.37924301355270728e+02
3.46205074723969460e+02
2.52084871800313579e+02
1.23846142022922791e+02
2.38068986176763644e+02
1.91416442488022227e+02
2.04070347523989255e+02
2.55513209987988716e+02
1.47414525145872716e+02
1.61631298418821331e+02
3.51954176435306351e+02
2.02643522697457570e+02
1.10024861896723138e+02
4.61331615405819434e+02
2.51639403932816407e+02
1.56492805834975655e+02
2.39867790232207938e+02
3.18373248402557749e+02
1.15602873823657788e+02
2.83023877773784704e+02
2.64573252502990215e+02
1.43264200456700394e+02
2.60162547040309676e+02
2.59544831590597994e+02
1.19837420466429620e+02
3.51617747942971846e+02
1.87716257206639511e+02
6.58970317239869274e+01
4.36386711069373916e+02
2.16248226870928789e+02
1.59055052035014654e+02
3.39696721094056329e+02
1.77152497416090654e+02
1.08648259201981816e+02
3.83199243381928227e+02
1.46377595191978799e+02
1.33323792543280717e+02
4.11298612264740825e+02
2.50189324168754723e+02
7.46219630890664121e+01
3.67188712742178552e+02
1.97697143824705762e+02
1.74393105457754132e+02
3.46909750717540248e+02
3.44207851371112270e+02
1.58387799645724613e+02
1.95404348983163544e+02
1.90820416060351988e+02
1.65886354458327816e+02
3.95293229481319656e+02
2.41314670545285992e+02
1.26941605752369739e+02
3.43743723702343800e+02
1.36789474358006146e+02
1.12613286464578678e+02
4.44597239177414906e+02
2.26681342741837341e+02
1.36749005494964763e+02
3.26569651763197896e+02
2.22050122985416948e+02
1.18191811893576741e+02
3.64758065121006382e+02
1.87036405632946639e+02
1.09643838347034745e+02
3.98319756020019042e+02
2.59041370303536439e+02
2.20380216603841319e+02
2.28578413092622242e+02
2.93811880093368472e+02
9.65951597235224284e+01
2.55592960183109199e+02
1.76682531591742702e+02
1.00119850962872448e+02
3.67197617445385106e+02
2.21432084133243990e+02
1.21446264324005867e+02
3.42121651542750271e+02
2.13855334437358493e+02
1.35066484920399091e+02
3.87078180642242899e+02
2.50349583164284326e+02
1.42001874138155387e+02
3.21648542697560345e+02
2.34792356541058666e+02
1.54363779550426358e+02
3.31843863908515175e+02
1.16283518602389776e+02
1.11794401274123430e+02
4.28922080123486410e+02
2.84486705151311924e+02
1.77956137205480047e+02
2.18557157643207773e+02
2.47305219903436381e+02
9.00294507303397751e+01
3.55665329366223375e+02
2.06599144123807179e+02
1.53594197765866795e+02
3.23806658110326282e+02
1.25850284440904488e+02
1.58063104948607219e+02
4.50086610610488549e+02
3.31456346281308299e+02
1.48825383485168942e+02
2.57718270233522503e+02
2.94323113825764494e+02
1.10631263406557792e+02
2.62045622767677685e+02
1.69984438342002846e+02
1.51435730872382948e+02
3.44579830785613808e+02
2.56720372398849236e+02
1.51361717737243538e+02
2.35917909863907425e+02
2.11283246555503013e+02
1.17691003488989566e+02
3.50025749955507194e+02
3.16999093965039549e+02
1.57142471627130192e+02
2.34858434407829833e+02
2.03373806221475235e+02
1.58458394984002581e+02
3.39167798794522298e+02
2.02742368516388666e+02
1.04488008382484978e+02
4.27769623101126228e+02
1.23283868315593864e+02
1.07709865484992022e+02
4.05006266199413744e+02
1.69708043173485834e+02
1.31518055776027751e+02
4.18773901050486415e+02
2.45845412078018796e+02
1.85361984412474357e+02
2.51792603509506876e+02
2.37338726622060506e+02
1.38675478885964736e+02
3.17985794491974957e+02
2.07980333465618685e+02
1.32810700337983889e+02
3.64208966196397455e+02
2.53306295022886843e+02
8.70245246884722832e+01
3.34669180288641314e+02
1.21269772935267042e+02
1.00898631435831618e+02
4.21831595628901653e+02
2.96197739018346624e+02
1.36578461849925276e+02
2.71223799131728072e+02
7.56840297751192566e+01
1.10642641302766265e+02
5.61673328922114024e+02
2.14119904234856591e+02
1.42919902751461109e+02
3.60960193013681931e+02
2.24984136129683094e+02
1.17630118886301531e+02
3.25385744984015844e+02
3.08391185387043379e+02
1.65595639104532466e+02
2.09013175508424098e+02
2.93296143255747438e+02
1.61215799704255744e+02
2.58488057039997443e+02
2.08313513532831195e+02
5.78510764127961465e+01
3.89835410054372971e+02
2.21333017319650622e+02
1.29477778237800976e+02
3.37189204442548430e+02
1.60869566648660708e+02
1.96799367171224389e+02
3.54331066180114760e+02
1.09295712980557269e+02
1.09031575254415586e+02
4.93672711765027088e+02
3.02685367382180857e+02
1.20614042485309980e+02
2.71700590132509262e+02
2.36073018612906765e+02
1.01849803785324227e+02
2.97077177601768653e+02
2.52413013316412446e+02
9.93195838097835235e+01
3.59267402873804031e+02
1.90969418365312237e+02
1.55529796540288174e+02
3.47500785094399703e+02
1.86524920459907321e+02
2.02314921080389468e+02
2.73160158459703155e+02
3.52573100241500185e+02
1.39592555956258536e+02
2.32834343802241335e+02
1.98373314290919780e+02
1.76705371231074054e+02
3.38921314478006423e+02
2.46790293947697648e+02
1.28074765697690680e+02
2.78134940354611160e+02
1.13849762154823893e+02
1.00733193868133029e+02
4.33417043977042965e+02
1.92591327944142932e+02
6.83071526505819691e+01
3.96101519405274871e+02
1.87389151851438612e+02
8.05258774669072892e+01
4.06084970681654397e+02
2.12885226111163661e+02
2.02529630880818104e+02
2.43585143008017837e+02
1.96838129901596602e+02
1.10539970327921338e+02
3.98621899770482344e+02
2.21199848293073160e+02
1.04687777155753196e+02
3.26112374551174128e+02
2.81877219736739789e+02
5.59415823274661932e+01
3.24181197935793989e+02
2.04283205799670952e+02
7.16094484975964463e+01
3.91107345702732800e+02
1.11872961697546771e+02
1.37653397990172067e+02
5.03473640312281589e+02
2.25574258855532008e+02
1.40858064334806045e+02
3.42567676809662260e+02
1.57819050688181704e+02
1.85852597482598355e+02
3.89328351829219855e+02
2.03562824055474209e+02
1.47288936251607538e+02
3.44148239692917855e+02
3.23545244629606145e+02
1.26091703303728124e+02
2.15363052066665830e+02
2.62250855516896252e+02
1.25070538459916392e+02
3.06678606023186830e+02
3.15103917799836267e+02
1.11501295580090769e+02
2.85394786620073035e+02
2.22972539385563209e+02
2.28170767569114503e+02
2.86856693045322402e+02
2.62372034910069601e+02
6.90631447655580786e+01
3.62564820324372420e+02
2.45327972744540546e+02
1.79088431103175424e+02
2.77583596152284485e+02
3.23731926014511203e+02
1.20769810476702133e+02
2.39498263508787147e+02
2.87171405333801431e+02
1.98031569630212232e+02
2.60797025035986508e+02
3.11456581264318061e+02
1.80690208866213737e+02
1.58853209869468202e+02
3.29368577897815896e+02
1.78555707992927438e+02
1.28075714109256609e+02
3.37370211494625380e+02
1.67483929658267414e+02
1.53145858847107291e+02
2.86173761724546921e+02
1.27702717297698811e+02
2.34123520977754538e+02
3.82383884543072895e+02
1.80024571261883352e+02
1.18591544195043014e+02
2.36765157923191595e+02
1.79614024741985958e+02
2.52620817334822874e+02
3.39038036311258509e+02
2.21318869131886231e+02
1.06643094556855218e+02
3.17013239856815289e+02
1.98927815654331624e+02
1.15058944488852987e+02
3.70034152393145121e+02
1.18909818908266175e+02
1.28056028698588250e+02
3.27417384323058968e+02
1.43813310759725937e+02
1.36769304917214782e+02
2.81597053844745801e+02
1.40337623131931736e+02
2.51065323023322406e+02
3.25316539951461152e+02
2.87338031441839519e+02
9.03454286066996275e+01
3.55685327298733910e+02
1.60414206054718733e+02
1.66900466646547358e+02
3.55429786990158902e+02
1.84892132667832357e+02
1.14678080342008798e+02
3.78347244107865492e+02
2.08966347675917490e+02
7.86864082162167477e+01
2.27173246986473885e+02
2.40769069719952512e+02
1.97057683293574058e+02
3.79571853123246626e+02
1.33704964013046663e+02
1.58723182863706768e+02
3.64818854542498457e+02
1.62672383232666704e+02
1.46508762224835039e+02
3.03219059355515583e+02
1.96549506372532136e+02
1.69231434271952509e+02
3.70467968488297629e+02
1.96161964856219470e+02
9.03700666554830008e+01
3.51219401028825644e+02
2.14411091007976580e+02
1.23369507963197293e+02
3.61665241371482466e+02
1.44818530718597060e+02
1.77516227909920786e+02
2.57690753413606558e+02
1.76764064045778156e+02
2.45545182540614888e+02
2.33074838258084554e+02
1.19068283730293970e+02
2.73856878011621177e+02
2.22898819634766681e+02
1.79503717485216612e+02
2.49597462880016650e+02
3.70481685975219648e+02
2.19829434960089714e+02
1.24688879064690866e+02
3.16189331458482229e+02
2.04415423033359559e+02
1.56395245508158183e+02
4.23424714964088651e+02
2.20085660368849375e+02
1.08489624667062060e+02
4.89837627805637680e+02
1.62090750543422701e+02
5.80716216509397256e+01
3.02285870910406516e+02
2.39556168682288614e+02
1.07157960407305140e+02
1.54415965923163469e+02
1.81124680559734401e+02
3.23459353517102500e+02
2.86694933629481966e+02
1.54986511443141410e+02
2.42318554927376965e+02
3.17219117816791652e+02
1.33030837040543702e+02
2.56750045142665158e+02
2.57447753041519206e+02
1.54976973845836085e+02
2.64575273112644766e+02
2.85382417110726294e+02
1.55846193018205952e+02
2.61771389871068095e+02
3.47132299579293885e+02
2.12705061086344813e+02
9.61626393343610744e+01
2.64477842753333789e+02
1.86617286963949653e+02
1.85904870282716558e+02
2.51316122248604870e+02
1.87104358475878826e+02
2.16579519275516475e+02
2.84076556433068617e+02
1.94894986417138625e+02
2.17028457149793212e+02
3.18555019220849999e+02
2.03731234244300481e+02
1.41713746534849349e+02
3.96090495300406985e+02
1.67235677850018618e+02
1.05673826849574468e+02
3.05863238867899668e+02
1.67988458112848093e+02
1.85148303019251443e+02
4.05427057404455184e+02
1.81096887197157230e+02
7.94760553983874587e+01
3.69622870814521093e+02
1.69673172383840125e+02
8.37039568016388529e+01
2.93231726921623931e+02
1.73400083399273825e+02
2.05368189679101931e+02
2.60200304575521159e+02
2.14951269020994147e+02
1.54848426403484581e+02
3.26574203991297964e+02
2.50647243262270507e+02
1.16778552746431828e+02
2.95438613910520303e+02
2.42999889999311648e+02
1.66561496090167992e+02
2.25366619613931590e+02
2.01701268258311927e+02
2.31932112127756511e+02
2.92397477955309853e+02
2.27307670256934074e+02
2.18294851787755533e+02
2.97170534623954381e+02
2.15978365614321575e+02
1.66851099761723987e+02
3.87452392248720912e+02
2.60600489522329042e+02
6.19471182289502309e+01
3.72385283405025348e+02
1.68830934876929689e+02
1.49783781718044963e+02
2.50914918262405507e+02
2.43435007541929110e+02
1.32650074195665553e+02
2.98850615024417152e+02
1.27372477037208810e+02
2.43776907938374393e+02
2.77746797562002826e+02
2.81825734143906857e+02
1.18427468294090133e+02
4.58544989262388185e+02
1.88033321562055960e+02
2.34216891755565371e+01
3.35345530952362083e+02
2.21752128511197697e+02
1.44902340536440505e+02
3.22935088322678553e+02
8.02146766258577060e+01
2.24850235051463301e+02
2.62577206536856181e+02
2.08067070419258783e+02
1.67355723043885092e+02
2.46916102205477614e+02
2.20917995709725972e+02
2.26165902084796386e+02
3.56319121597778860e+02
1.53456819538549752e+02
1.93224058863671360e+02
3.17002316585602216e+02
2.08262695981779558e+02
1.43734987432618254e+02
3.16736361946887598e+02
1.81076432076293344e+02
1.39187205976819143e+02
3.01114396585666896e+02
1.59137505446360592e+02
1.70748097967972484e+02
3.04353726425335253e+02
1.65309860784096401e+02
1.80336412790568659e+02
4.04756840479327423e+02
1.72419802431253544e+02
7.28233570894189910e+01
4.09610437062116603e+02
1.67069090577999276e+02
1.01320472359885116e+02
3.44413073053699861e+02
1.64598425918176844e+02
1.32988501028123324e+02
3.95891897203993835e+02
1.56817734985609945e+02
1.34290367810396219e+02
3.45240804438029159e+02
1.94277379502207140e+02
1.36481816059763304e+02
2.90395557544723658e+02
1.92952161366865340e+02
1.56652281088411286e+02
2.69919200408250390e+02
1.67781240587742872e+02
2.45299559004006738e+02
2.92380215731870805e+02
2.22712951539222473e+02
1.52906832728906693e+02
3.49593974868990472e+02
1.89274991275659886e+02
1.66131033855349813e+02
2.34931511441345378e+02
1.98833691325074284e+02
2.22234797233580679e+02
3.91158520589499346e+02
1.94662771786262340e+02
1.03178707624238385e+02
2.68107948269694703e+02
1.99998347577618830e+02
1.75893704152686610e+02
2.76233595196750400e+02
2.24901482453843357e+02
1.50864922349406470e+02
3.84958374426525495e+02
2.03657112513841781e+02
9.43845130596328232e+01
3.53790260069666829e+02
1.31480040744035989e+02
1.79729699186297154e+02
4.00762684462469906e+02
1.27819416838652629e+02
1.25417898698876854e+02
2.93563226041858343e+02
1.80353432584989179e+02
1.98083341373152194e+02
3.54602126239050335e+02
1.21625634403843449e+02
1.97772239357106116e+02
4.02113586169312896e+02
2.06027677022626534e+02
7.38587368080607831e+01
3.81950917223370709e+02
2.23586531030901341e+02
8.34625517457275521e+01
3.52647804232903127e+02
1.50878548065803869e+02
1.72473647701293288e+02
3.03054845047742106e+02
2.46868420650707037e+02
1.84076734301550744e+02
3.90842409600316330e+02
2.30505805101430866e+02
7.66517852982521788e+01
3.43757232594295260e+02
1.94333200981963898e+02
8.49095664237407561e+01
4.26764606986406704e+02
1.55405496828098279e+02
8.78298961854947748e+01
2.76366658677982969e+02
2.06278662868821812e+02
1.90354678453194822e+02
3.53884889668497522e+02
1.51152686095452225e+02
1.95962424236050339e+02
2.66719142997314691e+02
2.02021421015914711e+02
1.90259435986770711e+02
3.69759424424873544e+02
1.89696690037929528e+02
1.40543885537197497e+02
3.46559133905160820e+02
1.63473612042643168e+02
1.43967254052196097e+02
4.34384008828447577e+02
1.93509400934341102e+02
5.11065902372116057e+01
4.08514895977328422e+02
1.57857868118723502e+02
8.96272359039478062e+01
3.64715106386243576e+02
1.90105219686188974e+02
1.04179673927567592e+02
3.94137708587796794e+02
1.58728590014254166e+02
7.41337013979487267e+01
2.86853524937292036e+02
2.10031996380962113e+02
1.73114478681745993e+02
3.40418977415753034e+02
1.93313574026829087e+02
1.41267448557417708e+02
3.57758875603790898e+02
1.49645217092179649e+02
1.79595907304029510e+02
2.90427963652528206e+02
1.28298392067368837e+02
2.44273644280103099e+02
2.90806556192914229e+02
2.00070898376439970e+02
1.74122545430645346e+02
4.25198879527331087e+02
1.60172821672590544e+02
7.66282988000785537e+01
4.06966105830697700e+02
1.15867233259920937e+02
1.31166660909381108e+02
3.95129316699215849e+02
1.59934940720208601e+02
1.07935742580575351e+02
4.09335657752118379e+02
1.87528565935637403e+02
5.91357763122446300e+01
2.55508270703735235e+02
1.66704153784766760e+02
2.23787575511498176e+02
3.65161004722857967e+02
2.35774707790679628e+02
9.70642874864627601e+01
3.90920811376405197e+02
1.28861460556700621e+02
1.71217728066894210e+02
2.79405739998772788e+02
2.08187412569099706e+02
1.75406847432127194e+02
3.66971171767238900e+02
2.01620593282578255e+02
1.23408234950182916e+02
4.01792182851641201e+02
1.39305816617854163e+02
9.79020005305044521e+01
2.36692566323952093e+02
1.33086524558912600e+02
2.97220909117135079e+02
2.89455833108279705e+02
1.35566149734733244e+02
2.48978017156987079e+02
3.00149604308359983e+02
2.69109456447903369e+02
1.54740939243736989e+02
2.28599590372408215e+02
1.75414703129093056e+02
2.85985706498498814e+02
3.91372342475971152e+02
1.38764259936619453e+02
1.87863397587409338e+02
3.05681978354487512e+02
1.83158924360008939e+02
1.66159097285502838e+02
3.01007217893813674e+02
1.75306479781211863e+02
1.94686302324974747e+02
3.40861482738993629e+02
2.21151766646156062e+02
1.36986750614850337e+02
3.12583002631437523e+02
1.90279245523702116e+02
1.44137751844860361e+02
4.13351310187493482e+02
1.80769660509109343e+02
6.28790293033975090e+01
3.75257943430298042e+02
1.90971390469459521e+02
1.10770666100241741e+02
2.92718519904233347e+02
2.07010306454639533e+02
1.60271173641126950e+02
3.55578950884503172e+02
1.58664444841054063e+02
1.34756604274442736e+02
2.99066092217467542e+02
1.69688058075385328e+02
2.12245849707147300e+02
3.39257023115055802e+02
1.70705202572071556e+02
1.21037774312872713e+02
2.46045239638309283e+02
2.44305925553922947e+02
2.19648834807767798e+02
2.48716622279332768e+02
1.69304117870130938e+02
2.51979259850536266e+02
3.79074549281383725e+02
2.47277707810281072e+02
6.16477429083351822e+01
2.96602361823118258e+02
1.24189425427001694e+02
2.53208212749879920e+02
3.70872323520218401e+02
1.87035706605401714e+02
1.27091969874379913e+02
3.67589098208088103e+02
1.42091334010211540e+02
1.24319567781700414e+02
3.52950647918785592e+02
1.73975360278970157e+02
1.04073991802244720e+02
3.27931802502215874e+02
2.12539447148810240e+02
1.64528750348974484e+02
4.20148193057464539e+02
1.81418156389506066e+02
8.64336505530293238e+01
3.12352264763552455e+02
2.62090526206507775e+02
1.24557209029939912e+02
3.14008266366640726e+02
1.30139932888493433e+02
2.52851800744865898e+02
3.46671028829728243e+02
1.64646807962003180e+02
1.14682163208268463e+02
3.14469972602190808e+02
2.52446625167923315e+02
8.90834022298862465e+01
3.30973709232040960e+02
1.88950886670926053e+02
1.63075404097032816e+02
2.36847619029712860e+02
2.32994396133435998e+02
2.13157984836851398e+02
3.23637974367799245e+02
2.61193164453180543e+02
9.21688611790200696e+01
1.48299330681539004e+02
1.83295650665326207e+02
3.10405018653134960e+02
2.98904405628695486e+02
2.32302536332699304e+02
1.31793058038605011e+02
3.64309331447315515e+02
1.65738350645752291e+02
1.49952317906932194e+02
3.77064976333681045e+02
1.58575191799469366e+02
1.37359831866849674e+02
2.33779836394414843e+02
2.10266951163014880e+02
2.32953212442570305e+02
2.42514853028813150e+02
1.62428399614472028e+02
2.02056747356714823e+02
3.11692664606858955e+02
1.98409412645127162e+02
1.31897922748013514e+02
4.42237317475516818e+02
1.40066533385825267e+02
8.86961491386577592e+01
3.14969493510212487e+02
1.84376022327364637e+02
1.66654484162423103e+02
4.04501877368538374e+02
1.97005479876718908e+02
9.24926427547426044e+01
2.54138953946594825e+02
1.84031687909558457e+02
2.13829358143846775e+02
2.88249478733402100e+02
1.73919166433211529e+02
1.79831354833386115e+02
4.10301539857838861e+02
1.31522171263878334e+02
8.11762888782826195e+01
3.96939190789080499e+02
2.26972393567440321e+02
8.10884156434792516e+01
2.76895259952860556e+02
2.44636304377025652e+02
1.85468435670113792e+02
2.43476135168332661e+02
2.00614943976778846e+02
2.18908920854888692e+02
3.20555919689019788e+02
1.57387319603569011e+02
1.88056760707411286e+02
3.58834296807026135e+02
2.24399310876838939e+02
1.15766392316134883e+02
3.69627678325754800e+02
1.51359174670374188e+02
1.41013147003871694e+02
3.65186212222969743e+02
2.02413481505709910e+02
8.74003062713202752e+01
3.50428957174747950e+02
2.24218300836480921e+02
6.93527419887708021e+01
3.08383732276321496e+02
1.76187193042191865e+02
1.66429074681486753e+02
2.55606429275916412e+02
2.29911215111990316e+02
1.46482355612093016e+02
3.13003700037670626e+02
1.58644992586780063e+02
2.36351307375549368e+02
3.75841912753553231e+02
1.31698894056245450e+02
1.45459193190201717e+02
2.91192467512125120e+02
2.26556019765711625e+02
1.41251512722163852e+02
2.97084197130816108e+02
1.56652533587126385e+02
2.30263269282057394e+02
3.90515781807033932e+02
1.54779182169729950e+02
1.40705036023236488e+02
3.65376196319980465e+02
1.30854335917340222e+02
1.69769467762678573e+02
3.48384924131560012e+02
2.40038024094035251e+02
8.05770517744049499e+01
2.96916581246516955e+02
2.25771571708269079e+02
1.53311847045214165e+02
2.71445911732039349e+02
1.39008391151019111e+02
2.49545697116941341e+02
4.47343621745875794e+02
1.94861680244651808e+02
6.57946980094725546e+01
2.57893355482311335e+02
2.03311029116371316e+02
1.98795615401317690e+02
3.21694016238868301e+02
1.87691980397185944e+02
1.67614003363946296e+02
3.59347126759876403e+02
1.26059945081686223e+02
1.65592928158437473e+02
3.21543783117884686e+02
1.85482472496743782e+02
1.65973744385371674e+02
3.64071445164160423e+02
1.88559773408511717e+02
1.36368781427327008e+02
4.22227603158065961e+02
1.78490486341348657e+02
9.22819105005857665e+01
3.48415169551823453e+02
2.20442671635662435e+02
1.00142158812514339e+02
3.63803298415249628e+02
2.13594850030357406e+02
1.00601851554393349e+02
3.42680713516395713e+02
1.95711208574326946e+02
1.78608077909277313e+02
3.51209432883757188e+02
2.12103549943957660e+02
1.19687017172285437e+02
4.29037076086080162e+02
1.14438374969029496e+02
1.20524548944890697e+02
2.80216387811713844e+02
2.12099795576465340e+02
1.91683816611820134e+02
2.53022697590270354e+02
2.03374121215674052e+02
2.61603181194055821e+02
2.88625368227701586e+02
3.07509637452934783e+02
1.06864994319363220e+02
2.96844920799795830e+02
2.09980193007643834e+02
1.79174886192560081e+02
2.62076992911506863e+02
2.33262229044849704e+02
1.63660778043643319e+02
2.45198534903508261e+02
1.58514054543692566e+02
2.70287410552798974e+02
3.60932148800676657e+02
2.49920873506088725e+02
1.16146977693234660e+02
4.02500758607139005e+02
1.59126431591405890e+02
9.63728098014545793e+01
2.79413642209439672e+02
2.43365910971228402e+02
1.72220446819331926e+02
3.27584324604512403e+02
2.34899092576372880e+02
1.28516582819114433e+02
2.60633745334161233e+02
2.29148468028314198e+02
1.57217786637524597e+02
3.85730366423998419e+02
1.76701918779570974e+02
8.65677147964308773e+01
1.58864348956177622e+02
1.55857734900300187e+02
3.23277916143521168e+02
3.47879822958762077e+02
1.69621999556583717e+02
1.80498177484653866e+02
3.75724483086975511e+02
1.81369393639669681e+02
7.19061232733550924e+01
2.83047503537045259e+02
2.03760361112627351e+02
1.53192135350326964e+02
2.53794622951442705e+02
2.38285521020700031e+02
1.81919856027857662e+02
3.95044176646634469e+02
1.32185752449843307e+02
1.19770070903522821e+02
4.06216541759408415e+02
2.05082409890528879e+02
8.97010483500629618e+01
3.51793592928116936e+02
1.85416090588679054e+02
1.70790316483203725e+02
3.90691780828708147e+02
1.30604310428041686e+02
1.17703908743250153e+02
3.85552618196594665e+02
2.20758135258636798e+02
7.46892465447685794e+01
3.36413749203765121e+02
2.30429453358191779e+02
1.25156797438043242e+02
3.21868479834861375e+02
2.17503638163061993e+02
1.41627882002076660e+02
3.56788106137015461e+02
1.62232940994215653e+02
1.77978952868768175e+02
2.99256378332430018e+02
1.65550465531570126e+02
2.58193156135999800e+02
3.18073657704763150e+02
1.74806675808768290e+02
1.96119666486468873e+02
3.77959684450010457e+02
2.05982794276470742e+02
6.20575212735189155e+01
3.40504012048045809e+02
2.31113774778575078e+02
1.23382213173379569e+02
4.01435458477492602e+02
1.93749585361764105e+02
8.58149561607431934e+01
3.25790352524904165e+02
1.49254310545505660e+02
1.60955336929590118e+02
3.35736060704490285e+02
1.99037342938293278e+02
1.18226596357216494e+02
3.60333697780815442e+02
2.07568266814516562e+02
1.22098035404668138e+02
2.89868980271832640e+02
1.70460124242388019e+02
2.32670895485779283e+02
4.02201795259715595e+02
1.88403449052729371e+02
8.33947556875548770e+01
4.41094911815483044e+02
1.69973586938700066e+02
7.49315012458171594e+01
2.94350358302133259e+02
2.37697995966974020e+02
1.59951645730893119e+02
2.80829248568467392e+02
1.82358955374085070e+02
1.89811796057447452e+02
2.89354270233055615e+02
2.30206136809799375e+02
9.94395929571451660e+01
3.66829260406037122e+02
1.39920055901983460e+02
1.72250683691979219e+02
3.20002190716929931e+02
1.80007189879095961e+02
1.78990619403973767e+02
3.45789286845179333e+02
1.72219367612652462e+02
1.37991345542168432e+02
3.26947677814888664e+02
2.16969535715156297e+02
1.36082786469954783e+02
3.56614232451533155e+02
1.03811981430674436e+02
1.89573786117792224e+02
3.03445462083593611e+02
2.47323181693713593e+02
1.08231356222692625e+02
2.86353823783997882e+02
2.04251144109947262e+02
1.52395032106054913e+02
2.72715613147502893e+02
2.40768708040266802e+02
1.15515678812230746e+02
4.30224469208167875e+02
1.01180734151501653e+02
1.18594796640330983e+02
2.86297389202889576e+02
2.80477253130324755e+02
1.55225357666785271e+02
2.86104826435178381e+02
1.65772423164412288e+02
2.28122750400409103e+02
3.93242688668300389e+02
1.47145398665785990e+02
1.36611912665913536e+02
3.43765221826408379e+02
2.00680639707167302e+02
1.31554138466424007e+02
2.56028553399492296e+02
2.66538596939598278e+02
1.24432849660909454e+02
3.52613924048966339e+02
2.27749222801138188e+02
6.36368531498954297e+01
3.52264025114045921e+02
1.84697634888907857e+02
1.63038339997046251e+02
3.19194688105115119e+02
1.62018296908793673e+02
1.37787014986091293e+02
3.20538757896544325e+02
1.45507958153932890e+02
2.07953283949522643e+02
3.72691397147695170e+02
2.22143127300782879e+02
6.61654755515224764e+01
3.94505964715361699e+02
1.92996106753128657e+02
1.15497928531509444e+02
3.70993910043380254e+02
1.50785688263239791e+02
1.34220401693379557e+02
2.30101442870029757e+02
1.35344289656501331e+02
2.36554267473469196e+02
4.26176976555068109e+02
1.87910613227834716e+02
6.89124102170971184e+01
2.78234391795533270e+02
1.30198831596273976e+02
2.63566776608193152e+02
3.34483709157755982e+02
1.97887545975180416e+02
1.07628744867063816e+02
3.08839276447394809e+02
1.61633497048420310e+02
2.10527226504185393e+02
3.30272729242496951e+02
1.55412324721690908e+02
1.48314946035812056e+02
2.74305566798922257e+02
2.31643922755118439e+02
1.43050510445959134e+02
3.38441962976380296e+02
1.85500333654814739e+02
1.12057703368804653e+02
2.09558087438899861e+02
2.98821289453706981e+02
1.22620623107392831e+02
3.53327686556357150e+02
2.05886691003700435e+02
1.47785622439942330e+02
3.06390093904118032e+02
2.40514184854048295e+02
7.50957212418332176e+01
4.14180699924127850e+02
1.74868431670222179e+02
1.30950868405649942e+02
2.73413284112503334e+02
1.82193668839441102e+02
1.55393047048055422e+02
3.01801896313777661e+02
1.86666872813059854e+02
1.87531230873161803e+02
3.97263785381204059e+02
2.10260408042936660e+02
8.84758065758593091e+01
3.85927041372502913e+02
1.93524151785009593e+02
1.39548806842487693e+02
3.20670525221584512e+02
2.07646283019856014e+02
1.22683191758559829e+02
3.28547133630973406e+02
2.38440862458475351e+02
1.09012003910551016e+02
3.11563508401861725e+02
1.44012409429060313e+02
1.97424082169077877e+02
3.86312426439362355e+02
2.32003503790432575e+02
9.46840697702051273e+01
2.96773798162478386e+02
2.30260109703544373e+02
1.27966092133977213e+02
3.26302725921651017e+02
1.63524736974927890e+02
1.63172537103421035e+02
3.78729206309120855e+02
1.56174222783258557e+02
1.58096570907620759e+02
2.90420114412961652e+02
2.22887631186966843e+02
1.07692254400071619e+02
2.94819794512785279e+02
1.82063148073085955e+02
1.51117057414128993e+02
2.80278882235655885e+02
1.46306515270017513e+02
2.74414602494326800e+02
3.22490132778062787e+02
2.06815665758333097e+02
1.70694201463604173e+02
2.06855630810409451e+02
1.21404658038046634e+02
3.21739711151543531e+02
3.70105587410375563e+02
1.82323228687334080e+02
1.40571183902290073e+02
2.91091023132475584e+02
2.22121660273154333e+02
1.55787316594370196e+02
2.74082331944138048e+02
1.74900829094890810e+02
1.71016838960971029e+02
3.45571232216974977e+02
1.93740409085820602e+02
1.06688358697204066e+02
3.75199003113187075e+02
1.58736732024943308e+02
1.08064264861869930e+02
3.86650076805305105e+02
1.99300271645135041e+02
1.08049651549560053e+02
3.18116060103675466e+02
1.74952653984456788e+02
1.56931285911867633e+02
2.82943218942008741e+02
1.31880348218468100e+02
2.28176432839522761e+02
2.93544069044664809e+02
1.68208757747512834e+02
2.10247173207822442e+02
4.53702560941148761e+02
1.26958511400036571e+02
6.03389276588150736e+01
2.30409922681488439e+02
2.42537855240591341e+02
2.40052222077920419e+02
3.11582291623950880e+02
1.56293318813940914e+02
1.80124389562108036e+02
3.94045727168926703e+02
2.00111710926821672e+02
9.38425619042513972e+01
3.52548003135387660e+02
1.57412361522693033e+02
1.95039635341919592e+02
3.65012500613335305e+02
1.77621944701700528e+02
1.34365554684964366e+02
2.51512593026609494e+02
2.11663382602331552e+02
1.93824024371059494e+02
2.07888323807216551e+02
1.61869040011826399e+02
2.99242636180957049e+02
2.90041188673076363e+02
2.14631576139447105e+02
1.45327235187476617e+02
3.46019939735257424e+02
1.67562531092216602e+02
1.19417529172525761e+02
3.74127528870880951e+02
1.51797422631084004e+02
1.30075048498035301e+02
3.27118426940067877e+02
1.69010612967171227e+02
1.81870960092761209e+02
2.31355302242707182e+02
1.86153843443711452e+02
2.11490854313581224e+02
2.80193980640929851e+02
1.35894761986466989e+02
2.53911257372602819e+02
3.00567585836878891e+02
2.01215007673794219e+02
1.29217406489326720e+02
3.16495180906354506e+02
2.14185755804337646e+02
1.71319063289307678e+02
3.11746447623048027e+02
2.03173259322213994e+02
1.95080293054738007e+02
4.54631611853734341e+02
1.59522978708821682e+02
5.68454094374437844e+01
3.55381208199225966e+02
2.20451466940780961e+02
7.41673248599930020e+01
4.13418006569665920e+02
2.38480004420951104e+02
5.41019890093835230e+01
3.06241673650110442e+02
2.16961437501874428e+02
1.32796888848014987e+02
3.59799978842755536e+02
1.78087176828581732e+02
1.26112844328663158e+02
4.19908477567963303e+02
2.14161367656862183e+02
4.69301547751746355e+01
3.06600410913104724e+02
1.93086744097445376e+02
1.79312844989449928e+02
3.33073026949084237e+02
1.99263826550413683e+02
1.22663146500502336e+02
2.27150475552802561e+02
1.35178749649266592e+02
2.96670774797931074e+02
2.72976215391674884e+02
2.04667787927805051e+02
1.18355996680520178e+02
3.36514050955473181e+02
1.96866844048835731e+02
1.32619104995691288e+02
4.30811039974888217e+02
2.03496353414407849e+02
6.26926066107038551e+01
3.60946309537943250e+02
1.77709683670197620e+02
1.01344006791859414e+02
2.34253485908543581e+02
1.78383349971483341e+02
2.59363164119972851e+02
3.92996615352944957e+02
1.57941027325928019e+02
1.10062357321127408e+02
2.33695171888499573e+02
1.83909787575754393e+02
2.33395040535746375e+02
3.43876024076035833e+02
1.83696684347725039e+02
1.01427291576239099e+02
3.28527105424855222e+02
2.43272290581675293e+02
7.02006039934694854e+01
2.75233973625662657e+02
1.67413053618620836e+02
2.28352972755716820e+02
4.32238989142799198e+02
1.10723797679485187e+02
1.05037213177715117e+02
3.95768812850576751e+02
2.54108546281493744e+02
3.81226408679287303e+01
2.91014015582120976e+02
1.69421463731233814e+02
1.85564520686645182e+02
3.85932794019215635e+02
1.59501145244986617e+02
8.75660607357976914e+01
4.47427505210368963e+02
1.46462428773558685e+02
4.91100660160719897e+01
1.97377586774335697e+02
1.96323429950936088e+02
2.70298983274727902e+02
2.93539968270862005e+02
1.82114409590312420e+02
1.78345622138825803e+02
4.07886813880184832e+02
1.66807331761758235e+02
7.33058543580564219e+01
4.01953109814877621e+02
2.19346516918556773e+02
5.67003732665652151e+01
3.80774086119286778e+02
2.32256079954070003e+02
1.16969833926643787e+02
3.22207386603249972e+02
2.01813796802979056e+02
1.59978816593771569e+02
1.17796375577216565e+02
6.07877383505447938e+02
2.81326240917336293e+02
1.46396540619414878e+02
5.51623823977512188e+02
1.99979635403072422e+02
1.49627816410568897e+02
6.51572345894949422e+02
1.47799837694482022e+02
1.17113971988143959e+02
4.96951620744516674e+02
3.09934407267339964e+02
1.32307149310374427e+02
4.46259556759895418e+02
3.16433293929730439e+02
1.69990397673301715e+02
4.66280675074671876e+02
2.72728927252026722e+02
1.17076834373552032e+02
5.89391853074210871e+02
2.48531312552237864e+02
1.77403833779600035e+02
4.94762218975717417e+02
2.03833947244682548e+02
2.30575196405525929e+02
5.23190816003757845e+02
1.70233987590715685e+02
1.82898788307377913e+02
5.92519387122091757e+02
1.84581824570529932e+02
1.32624980973989551e+02
6.47792703196151706e+02
1.84582315829858686e+02
1.06690701680674593e+02
4.47586790120899536e+02
3.19722508198426340e+02
1.61269309251917122e+02
5.14932315249860835e+02
2.45798375498222214e+02
1.81984482033149192e+02
5.67969815293341071e+02
2.19045702673509680e+02
1.59595271258497178e+02
4.70930775844125890e+02
2.37473952897377046e+02
1.39221684041841797e+02
5.00634083473337171e+02
2.47144232484820634e+02
1.52605941212307869e+02
4.92118673481280837e+02
2.66275385306411295e+02
2.09656781558309575e+02
4.59599550665550169e+02
2.90743667776140512e+02
1.43458995883231466e+02
5.40563014915517101e+02
2.48977989201251631e+02
1.19373251258664808e+02
5.89483614748917944e+02
2.33143133992417660e+02
2.28173959769050896e+02
5.18359228249281500e+02
1.38466811981668201e+02
1.75169871699512328e+02
5.35456097828499651e+02
2.05374030471989727e+02
7.82908225163550782e+01
5.83878541039060678e+02
2.67830636444583604e+02
1.46288704733515118e+02
6.44546756797827697e+02
1.54164538468656815e+02
1.87960870708706835e+02
5.57724935470042851e+02
1.70314193821250569e+02
2.34098839690750339e+02
5.71819466992370621e+02
1.76081693316878187e+02
1.19446979278613924e+02
4.69242150915475690e+02
2.05310869805909334e+02
1.46429826886543452e+02
5.00723748988877276e+02
2.66846424124579471e+02
2.03682872364397809e+02
5.74972227842563257e+02
1.53344899793038479e+02
1.61198310793198544e+02
5.78564412216857136e+02
1.65237276989944434e+02
2.53015546199771535e+02
5.56027853533158122e+02
9.29566002670707263e+01
2.61708480218575971e+02
5.72969929885746524e+02
1.08321589895678315e+02
1.54573432687532033e+02
5.46806096245482763e+02
2.41620471066985147e+02
1.50327982782098218e+02
4.56626026869883162e+02
2.34045990348018648e+02
1.45985849634051533e+02
5.99456431024102699e+02
1.86557719341845143e+02
1.29851207244321188e+02
4.72451774203677530e+02
2.99697018552001225e+02
1.97477641085168329e+02
5.95835140435068865e+02
1.59687218479763033e+02
2.56430486738623017e+02
5.65233250841159816e+02
1.19336262420217651e+02
1.52805211121241342e+02
4.39210408945945062e+02
2.56984379932812487e+02
1.19094240181193996e+02
5.04476738670005886e+02
3.22429021148799450e+02
1.86701316608833480e+02
5.49167520856346641e+02
2.18131162534819794e+02
1.78475463647296351e+02
4.67534374462717835e+02
2.27990161889985330e+02
1.85801201487264620e+02
5.68158394870529719e+02
2.14040403642206059e+02
1.83322814265056365e+02
5.42945670364057150e+02
1.69731515370885830e+02
1.72146538556097028e+02
4.72020843897669010e+02
1.72832617546233735e+02
1.79771124949196803e+02
4.46144396737167710e+02
2.42084478313634861e+02
2.10373398172089566e+02
5.39822710124884452e+02
1.71803891703026835e+02
2.16222264207980061e+02
4.99342231820967015e+02
2.37435503971052640e+02
1.58850092887286280e+02
5.31655526350750961e+02
2.85494380761962759e+02
1.11129120051188892e+02
5.39005762854851355e+02
3.13865117093959384e+02
2.39482907534174331e+02
5.16495294079722385e+02
1.27021798386103185e+02
1.93346435179325312e+02
4.83774740504985004e+02
2.46878824315688320e+02
1.10938271306236615e+02
4.13359734956278487e+02
3.06701993737485168e+02
2.49537500541863864e+02
4.70471477141175285e+02
1.24991022316960539e+02
2.19390389794178873e+02
5.75213863702397362e+02
1.78395746503423908e+02
1.51840207693245219e+02
5.24031266466491616e+02
2.84128525840262853e+02
2.69588881382942816e+02
4.87622171437655936e+02
1.35788947179400793e+02
2.12941190531841045e+02
4.85275445036864880e+02
1.69783364431293819e+02
2.06460262701358857e+02
4.47057097111597670e+02
2.15482640187043785e+02
1.01205300298639315e+02
5.28710050867260179e+02
2.53084648834100506e+02
7.42306562212888110e+01
4.73008206138451442e+02
3.90761137640259449e+02
2.04434061389616744e+02
5.00998093515773803e+02
1.92567845094610277e+02
1.00090830354671851e+02
5.40010544260847155e+02
3.00898625384479487e+02
1.50585828463237704e+02
5.72905377931151293e+02
1.68508793605610236e+02
7.21957777543131130e+01
5.89856060612763713e+02
1.86948161632923529e+02
2.60562991013405792e+02
4.92840018281206142e+02
1.72596990705388293e+02
1.97539311719591865e+02
6.09525507283079946e+02
1.69935180997328814e+02
1.49189369811197167e+02
5.15449852991634430e+02
2.49360777197168034e+02
1.07998329037670842e+02
4.98009374889816968e+02
3.49992296072511806e+02
1.05266396667878368e+02
6.21846557279960507e+02
2.15887046052160798e+02
1.54436445933401842e+02
5.44379281951099415e+02
1.87184272115499169e+02
1.43958695307964717e+02
5.33293221596998023e+02
2.10748083095036208e+02
2.49739254297900032e+02
4.89855188199645625e+02
1.29405557502454315e+02
1.35294238099032924e+02
6.67598818182201740e+02
1.56106943718765081e+02
1.77167510622193220e+02
5.56278818476496781e+02
2.62553670901309260e+02
2.14032582964465632e+02
5.87546053245150915e+02
1.59421363790383168e+02
1.84631641386017151e+02
5.51919728982060064e+02
2.07448629631923041e+02
1.14723425109432981e+02
4.52674842328317197e+02
3.06601732562249197e+02
8.90579571964420467e+01
4.91853455673808071e+02
3.84088587129750067e+02
1.95575336663645288e+02
5.48728919400876634e+02
1.55695743935478276e+02
2.29885315619936222e+02
5.37696064132839979e+02
9.54186202472240552e+01
1.89735325550958095e+02
5.24409159611542464e+02
2.64855514837499925e+02
1.17902962631176948e+02
5.68609332696164984e+02
2.89487704672658310e+02
2.21541793488954198e+02
5.35487292780771895e+02
9.89709137302736224e+01
1.31916071967203095e+02
5.47835417994527006e+02
2.37248510038270268e+02
1.16629775920009976e+02
5.62417249067676153e+02
2.22952975012314170e+02
2.00475591935891856e+02
5.18771918955116917e+02
1.72752489108991227e+02
1.28235609222110185e+02
4.61385522283439911e+02
3.16378868494449534e+02
1.83818854976241141e+02
5.63663339623941965e+02
1.97517805399817490e+02
1.63195265112561742e+02
5.80735461290711783e+02
8.00692735967268732e+01
2.22034474169426090e+02
5.97353518294631272e+02
1.50612007535941984e+02
2.20360388488121032e+02
4.56820682136380753e+02
2.04818929375498243e+02
2.26391753438573886e+02
5.20491636343440973e+02
1.42116610217984601e+02
9.82167122396348304e+01
4.91687972629855778e+02
3.11095315130509789e+02
1.69542487790148130e+02
5.30965543699248883e+02
1.79491968510602732e+02
1.97499732398774000e+02
5.15208586422573262e+02
2.23291681178652681e+02
1.56804844482231402e+02
5.93951411510574758e+02
1.76243744007193925e+02
1.08367314336024975e+02
5.50510519313606665e+02
2.41122166350367564e+02
1.35058548017239588e+02
5.43482102856123447e+02
2.70459349126638017e+02
1.70642745454137213e+02
5.23943051632907896e+02
1.49414202912954721e+02
1.70575708849444084e+02
6.01111459671559714e+02
1.48312831478996287e+02
1.00318630076515447e+02
5.17091719509462109e+02
2.51589650414022799e+02
1.42520805119076471e+02
5.07480008733382647e+02
2.82999186147540513e+02
2.85669797303093219e+02
4.79871958886278435e+02
9.14582438106273941e+01
1.39065518828538671e+02
4.35414044336309360e+02
3.45520436835152168e+02
1.38020991520436525e+02
5.29055050811271258e+02
2.13923957668291962e+02
2.25460121929198749e+02
5.28472639835781706e+02
1.18067238235019360e+02
1.74549226994939744e+02
5.23894803341246984e+02
2.10555969663813897e+02
1.46197538841900922e+02
5.29997949470421077e+02
2.25804511687677575e+02
2.13438218813837153e+02
6.23127996156399718e+02
9.74337850297646355e+01
1.19170050992975533e+02
5.72182825885290072e+02
2.12647123121733756e+02
2.18118296629784027e+02
6.16179893264641805e+02
1.58701810105573742e+02
1.63707950733106657e+02
5.01642617008888010e+02
2.53649432258004907e+02
7.87690721594324827e+01
5.87409880142572433e+02
2.94821047697995652e+02
1.50304918538513022e+02
5.46001048102539357e+02
2.31694033358947905e+02
2.03693281065170311e+02
5.52038081662532932e+02
1.91268637272296871e+02
1.77749719694257095e+02
6.92809778071854453e+02
1.51440502233887571e+02
1.77466297215824767e+02
4.51907202749086025e+02
2.26626500035088810e+02
1.73046357121503235e+02
4.96663277405341887e+02
2.70290365473154395e+02
1.52898411145419573e+02
5.97655247672928681e+02
1.24446341181651334e+02
1.02116778697986419e+02
5.77866884530172342e+02
2.58016336771841509e+02
1.41820740555631176e+02
4.84380627426290062e+02
2.62798632018077967e+02
1.81148670086621451e+02
4.95856566967795970e+02
1.76994762945581925e+02
1.48211702578321905e+02
4.74195880717971022e+02
2.98592416703706647e+02
1.58076111762496964e+02
5.67760711333870859e+02
2.77163176903632120e+02
1.75113132991594426e+02
5.44022467564664566e+02
1.80864399443740552e+02
9.90448077495250061e+01
5.58333679581789283e+02
2.19621512668685426e+02
1.50135467519077480e+02
5.32852460609038530e+02
2.01012071871884672e+02
1.41605166065399430e+02
5.74548169034157922e+02
2.36846664900443216e+02
2.21108098518941688e+02
4.64041853843145987e+02
2.06850047637912496e+02
1.64981875313898200e+02
5.41235990577843950e+02
2.00782134108257225e+02
2.83151982654368851e+02
5.49482736929168368e+02
9.83652804164621131e+01
1.74869891003826410e+02
6.24270087959301804e+02
1.38860021036871302e+02
1.78533160548438588e+02
5.32484444371995437e+02
1.60982395079566089e+02
1.70412167358224906e+02
5.44331391163332114e+02
1.99256441478443236e+02
1.37539144311578326e+02
5.94245479668909866e+02
2.19215376019511353e+02
1.95927044516234702e+02
5.60007690670566717e+02
1.78065264813198951e+02
2.11186130878672657e+02
4.69874276574498253e+02
2.03939592546829601e+02
1.67674378920704925e+02
4.53194095589303117e+02
2.78131525489991816e+02
1.61629478490069374e+02
5.30100781482509319e+02
2.49269740027420937e+02
1.75777184867167534e+02
4.66403908222115149e+02
2.06818906910718084e+02
9.13679613651769387e+01
4.49446533679551010e+02
3.33185504955272620e+02
1.51299117461775325e+02
4.62680716207745547e+02
2.32020166330479526e+02
1.15123372428140669e+02
4.31141024994628594e+02
3.00735602577230907e+02
8.30040774366948710e+01
6.17158446985075216e+02
2.83837475578230510e+02
1.50529847714356663e+02
5.02826626304342824e+02
3.17643525981299945e+02
1.76868547747026611e+02
5.95555032337873968e+02
8.05764199150993505e+01
1.72345310545205564e+02
5.53060580925603631e+02
1.83594108529190862e+02
4.81485208988147022e+01
4.41594977975837139e+02
3.88256501125348564e+02
1.20100570376628639e+02
5.97479554062774127e+02
2.23419875560596324e+02
9.64729462282463004e+01
4.75325408611046271e+02
3.06201645160708097e+02
1.53704397068167111e+02
5.43858368785880884e+02
2.52437234145951749e+02
1.45639828003343155e+02
5.64938218195363220e+02
2.66421953801293284e+02
2.50277386476172722e+02
4.81977408085519130e+02
1.25745205438308133e+02
1.48172711318230171e+02
4.76037343937709977e+02
2.35789944744059682e+02
1.33046200505624000e+02
5.07297988800029430e+02
3.15655810694346258e+02
1.06405146021992067e+02
4.83691845395868370e+02
3.25903008582140217e+02
1.87820822433054019e+02
5.41803715640373412e+02
1.70375461926572825e+02
1.91170422633380298e+02
5.18077328999256110e+02
1.39752248367363990e+02
2.57641774359362898e+02
4.63824731369746473e+02
1.16533494270890913e+02
2.03604530987924647e+02
4.49708264544750307e+02
2.60687204467324477e+02
1.61920496907769262e+02
5.25505715963219359e+02
2.51573787129011180e+02
9.42832522022574011e+01
4.30131058852426804e+02
3.30585688945315894e+02
1.10694927849978384e+02
5.46572675566588373e+02
2.63732396583433399e+02
1.17265726604311510e+02
4.75865968631790338e+02
2.88868304763897982e+02
1.58641823505701524e+02
4.67171148662851920e+02
2.91187027831446869e+02
1.72705219870432046e+02
4.90682934446942511e+02
2.60611845682625585e+02
2.82630363312465590e+02
4.30885126132958533e+02
1.67484510554575877e+02
1.52357557466857997e+02
6.25924826617399390e+02
1.82717615915742499e+02
2.20856475464410465e+02
5.28980477634902741e+02
1.66163046900686936e+02
1.31053814893039316e+02
5.00157101951165998e+02
2.08789083155794259e+02
1.23309879362253824e+02
5.30716469269601703e+02
2.60973651368144317e+02
1.84076607282751468e+02
5.59539543945146193e+02
1.61383848772102738e+02
1.23267650120135556e+02
5.62438421003213648e+02
2.04293928876650796e+02
2.21859570164882143e+02
4.90204776922369717e+02
2.08935652912747770e+02
1.58221524969342880e+02
6.20196144019238091e+02
1.47582331011418773e+02
1.67813707041581210e+02
5.89443333476576527e+02
1.56742959481842092e+02
1.20064585058185799e+02
5.79453032969489868e+02
3.15482381972323822e+02
1.47095281874693143e+02
4.85942279717377573e+02
3.26962438407929312e+02
1.93448513355247172e+02
5.62281304213950079e+02
2.03270182430802777e+02
1.01261217587082058e+02
5.70519033543712226e+02
2.56219748869205944e+02
2.05649037198853904e+02
5.44667406929778167e+02
2.00683555871367986e+02
2.62707263419424748e+02
5.06585357264557615e+02
1.05707379316017452e+02
8.26077374014841155e+01
5.45228460306670627e+02
3.14163802291845911e+02
1.97141426946130508e+02
4.25096281376543345e+02
2.58762291677325720e+02
7.84856827971796349e+01
6.03074762350304013e+02
2.87439554852515812e+02
1.32716410576748984e+02
4.55819247950103659e+02
2.84464341473146646e+02
1.68855062455238453e+02
5.18056709909039228e+02
2.15088227635722205e+02
1.19954618174466745e+02
5.67935058253934244e+02
2.55110323571599508e+02
2.47193653784459514e+02
4.66436212574995807e+02
1.94370133640544879e+02
2.13916035197893251e+02
4.90030502489390756e+02
1.35053462312715823e+02
1.39892913805747412e+02
6.33858213552197640e+02
2.16248872642055460e+02
1.35130184808720742e+02
6.55299063728973351e+02
1.86570751462306674e+02
1.77646548703945484e+02
5.58395946329389517e+02
2.03957504966665965e+02
1.64852123965333448e+02
5.99265006997722821e+02
1.51882869036943873e+02
1.15021246247606797e+02
5.23482450710666058e+02
2.96496303041727174e+02
2.01382383085472384e+02
4.71428193192996616e+02
2.29189423721531483e+02
1.68441686309016347e+02
5.66563765931650323e+02
2.39994547759332960e+02
1.74574556926287698e+02
6.08226703448595799e+02
1.45198739625116787e+02
1.47025118578790654e+02
5.47392613211505818e+02
2.49582268209704011e+02
9.13635811223091565e+01
6.66736148914565547e+02
2.25900269963124458e+02
1.34621964269717807e+02
6.05248869913759563e+02
2.42129165816523056e+02
1.85162731411677157e+02
4.92846442593154279e+02
2.09990825995167910e+02
2.44402505409145277e+02
5.16965868398710882e+02
1.54631626192144211e+02
8.56625311736126633e+01
4.78921131001871004e+02
3.53416337824516233e+02
1.46698017162452800e+02
5.85371823060472138e+02
1.79930159777075346e+02
2.27140963312229047e+02
4.78362090294819041e+02
1.45496946392951742e+02
1.80843856797874452e+02
5.00476722503283725e+02
1.88679420698841938e+02
2.28529190602295614e+02
4.89008776714555381e+02
1.77462032683148067e+02
1.54571695322415565e+02
4.53696311493806149e+02
2.91731993183777888e+02
2.63404937232921270e+02
4.05563337625215013e+02
1.95031725141863717e+02
1.61097887383908017e+02
5.10305907738082794e+02
2.19596204878009104e+02
1.15368493839286614e+02
5.71544778955098195e+02
2.14086727205615801e+02
1.86681470631448718e+02
5.58852242160887954e+02
2.18466287207663129e+02
1.80022003343525910e+02
4.56158217400321632e+02
2.37819779256152486e+02
1.52185274450401778e+02
4.70985408724620868e+02
2.77829316824977639e+02
1.39659072532549430e+02
5.96483485527332505e+02
2.30857441940118150e+02
1.12109104668182439e+02
4.71110397498754025e+02
2.74780497833063180e+02
6.98511657201490266e+01
6.25263987481071808e+02
2.79884846798778767e+02
7.58756000969704871e+01
4.40541515980088207e+02
4.11582883922941676e+02
1.50124895176774061e+02
5.32673441844895024e+02
2.10201662978331285e+02
1.87212227415708497e+02
4.32794914018675343e+02
2.74992858565615848e+02
2.39152147232389922e+02
4.87781291351173877e+02
2.37066561416435576e+02
1.31810122783720118e+02
4.92753286152156079e+02
3.57436591064124286e+02
1.85224574841084603e+02
5.68376938623282285e+02
2.17398486535631662e+02
1.68171155311851976e+02
6.09791606786760440e+02
1.04037237901387542e+02
1.54897212875956342e+02
5.30576117497565065e+02
1.95526669626478167e+02
1.77107917313481380e+02
5.01627026492108541e+02
1.97265056194409937e+02
1.95577415403527766e+02
5.66155309379185610e+02
1.61267275217285771e+02
1.93848687234107615e+02
5.93615654742363745e+02
1.55535658023528612e+02
1.85102353079770523e+02
6.19254391160984255e+02
1.28643255759244738e+02
1.02182752620895414e+02
5.85137904795433201e+02
2.10679342583671172e+02
1.65595912802961720e+02
5.99385065250611660e+02
2.48019021946426960e+02
1.20235214507867539e+02
6.10922426138505102e+02
1.74842359353627671e+02
1.46244062078340278e+02
5.25262886713904436e+02
1.59493051207755741e+02
2.42868593810023242e+02
5.16445532665259066e+02
1.17685873524717707e+02
1.08105054370143080e+02
5.01824423406324286e+02
3.29070522223532407e+02
1.92501854044274410e+02
5.42172040333764812e+02
1.74326105621960608e+02
1.42231177010773308e+02
5.59437973129592933e+02
1.98330849859633503e+02
9.47217107098967261e+01
4.78804129799013481e+02
3.02474159491089779e+02
2.25340384867349599e+02
5.12400383244364548e+02
2.18259231888286052e+02
2.09954981795807100e+02
5.80989174819949085e+02
2.04055843384244895e+02
1.99439603084418593e+02
5.50155576091062699e+02
1.45404820824518424e+02
2.06156469510982760e+02
6.22579755841747442e+02
1.00263774647269898e+02
1.02021355566707399e+02
5.95126548558687546e+02
2.51852095874604174e+02
2.63055308845713967e+02
4.72020721950974632e+02
1.29923969203310833e+02
2.22881612201057266e+02
5.40580074599819227e+02
1.16538313199123209e+02
1.18742789636467606e+02
4.76902207889606075e+02
3.08355002473926106e+02
1.28916890610382097e+02
4.67549579441385958e+02
2.77533529948232001e+02
1.88330022077290323e+02
5.30528764538306405e+02
2.27141213384403812e+02
2.54739089262532360e+02
4.42881076821865236e+02
1.82379833915602291e+02
2.34686157273743561e+02
4.16904483265314241e+02
2.41409359460942085e+02
1.73475453631838576e+02
5.15092831929225781e+02
1.58431714438935927e+02
2.22842854228155090e+02
5.73664999906378284e+02
1.11492145865466711e+02
1.56044242802410452e+02
4.17970466086768056e+02
3.17985291110821493e+02
1.78171404178350940e+02
5.65467464645130235e+02
1.59361131176518370e+02
1.03805288238445371e+02
4.77394037886128729e+02
3.00800673875426128e+02
9.57330816334121408e+01
3.83329770436471790e+02
3.52937147930116112e+02
1.13708629954368078e+02
5.06688638055157526e+02
3.83602731990474410e+02
2.05725780385067281e+02
5.52299715597835075e+02
2.01974504017097502e+02
1.71698479189932470e+02
4.55436639787315983e+02
2.72864881022751661e+02
1.44262167839411404e+02
5.84948828963782262e+02
1.65789003196805282e+02
1.42534100115321877e+02
5.72250659846123654e+02
1.92215240038554612e+02
1.55264500267734746e+02
5.19916734106535500e+02
1.51818765625729526e+02
1.64501069943051874e+02
6.53640949646845115e+02
1.41857980410103863e+02
1.76908746805568541e+02
4.51615189543138683e+02
2.02476063651292350e+02
1.24666017202597317e+02
5.85663981229270007e+02
2.06670001568132733e+02
9.64183962937252232e+01
5.39013220057214767e+02
2.65568383649060252e+02
1.21612373081138628e+02
5.87967722629007085e+02
2.31419904289854827e+02
9.27099098762630405e+01
5.71072261728205490e+02
2.19217828395531455e+02
1.26406362726787918e+02
6.15484934864250704e+02
2.41108702408960681e+02
1.51156831042871346e+02
6.00357140421242661e+02
1.83486028535885822e+02
8.79151477236276122e+01
6.08166659116851065e+02
2.90918193159521138e+02
1.53145640176457192e+02
4.54250635747644537e+02
2.37603724075898157e+02
1.27087557891618061e+02
4.57533865788745175e+02
3.41378576319636181e+02
5.48009672568819610e+01
5.19602971628021692e+02
3.16596061115096177e+02
1.69157851010939225e+02
6.29947261422605266e+02
1.74894887566456191e+02
1.24968172952139483e+02
4.81255871009654243e+02
3.01775956038206402e+02
2.54914882857044432e+02
4.56519603784492062e+02
1.97565513358463505e+02
1.63818443564740363e+02
5.20043197609919275e+02
2.09138358825340475e+02
1.47200763266764511e+02
5.16910391683313946e+02
2.69888845049921599e+02
2.21914966395992906e+02
5.85556193689718725e+02
1.99528839914287119e+02
1.85280147712286293e+02
5.44347692627365973e+02
1.14372159660348260e+02
1.52029383089327098e+02
5.18887599986127498e+02
2.41083016924545234e+02
1.40052117957537803e+02
6.04038865140640155e+02
2.26909016901822298e+02
2.42147165450478468e+02
5.27128434278357759e+02
1.49724400271163830e+02
1.37904449929639014e+02
5.14941732337374106e+02
2.65153817732986340e+02
1.42026862976027758e+02
5.02657396693146950e+02
3.06315740330825633e+02
1.54387157286298304e+02
4.55714486394901883e+02
2.58898356318799188e+02
1.57417318040436101e+02
5.86581281204162451e+02
1.78001400755400795e+02
2.12862265020495784e+02
4.79082602615348776e+02
2.26055132364155241e+02
2.13272049345216800e+02
5.81577347367246375e+02
1.23150603287536541e+02
1.65743557286519376e+02
4.72235082284884641e+02
2.39021360428595443e+02
1.52216432211336979e+02
4.21839526237247526e+02
2.59944041551416149e+02
1.53736771325263192e+02
5.94153122896794343e+02
1.73110105777942266e+02
1.24270334519429966e+02
4.86947042122951984e+02
2.65782623357617695e+02
2.14471030947647307e+02
5.60516224418666184e+02
1.87012744633686964e+02
2.36020405409397540e+02
5.01972199958079898e+02
1.45007394632522335e+02
2.15119114854661461e+02
5.07508983698304121e+02
1.32371901447035128e+02
1.52088548517828116e+02
5.51844219727806717e+02
2.64067231754364855e+02
1.85929817818560252e+02
5.17975087316829558e+02
2.29095094864610132e+02
1.28082905316036886e+02
3.84942729541214703e+02
3.87974365142748923e+02
1.49745236351367140e+02
5.55354551392444137e+02
1.88900212256189207e+02
1.81904884798768364e+02
4.89102691506936651e+02
2.51992423694294104e+02
7.56339884462928893e+01
5.21447513793097755e+02
3.23918497760609057e+02
5.78082856888903009e+01
4.74190487762417092e+02
3.42001226548692898e+02
2.13122752010017933e+02
4.43418271690994516e+02
2.20458976298988034e+02
2.54802439356899782e+02
5.14758733644948961e+02
1.28438826998151143e+02
1.61680789948302021e+02
5.72454861082032380e+02
2.55864348969666196e+02
1.49877819356640856e+02
5.84453238830122700e+02
1.33668941813237126e+02
2.21024453721753503e+02
5.37607088650782771e+02
1.65368457627463840e+02
1.60667187110818418e+02
4.99600260622475730e+02
2.51732552266705738e+02
1.17259210307143064e+02
5.38751056983356648e+02
2.09989732709500998e+02
1.19137926430536581e+02
5.32132943125759539e+02
2.37729130443703724e+02
1.16772498747132687e+02
4.51678202000701560e+02
3.44549299252166122e+02
1.79533944374408520e+02
5.97622145520631989e+02
1.72843910104959633e+02
2.22491714560022928e+02
5.35987692241966784e+02
1.65520593198010914e+02
2.38456616316815484e+02
5.84769350857563495e+02
8.37740328256217595e+01
1.73743893939943376e+02
5.11766251321173286e+02
2.16489854738883793e+02
1.39355199113341740e+02
5.67638068130667193e+02
2.53006732755991322e+02
1.60705802275660034e+02
5.61496510235695268e+02
1.78797687488644755e+02
8.26517538880145537e+01
5.99493920432818754e+02
2.35854325679166010e+02
7.51488133740878226e+01
5.11217186252472459e+02
2.87634000373440188e+02
2.01539429070373728e+02
5.28920318102038664e+02
1.94540252827587608e+02
1.08344699904333751e+02
6.06990593826005011e+02
1.81664706269661536e+02
1.56978294817531435e+02
4.53279261220058686e+02
2.66742443962410903e+02
1.38744172701887322e+02
5.54773410462730453e+02
2.28482416835382679e+02
8.57994519159763911e+01
4.94566499788069905e+02
3.35634048295954074e+02
3.01203446189610247e+02
5.35632793992576921e+02
1.03163759817812320e+02
1.17504360366124118e+02
5.34889286435772078e+02
2.46606353198104301e+02
2.62197310869595469e+02
4.18614122541139125e+02
2.01188566589265520e+02
2.25493168797662292e+02
4.82039133708716122e+02
1.39467697493621699e+02
1.92184577784749280e+02
6.13549830030945259e+02
1.39265592184305177e+02
